,Borda,plurality,gt,minimax,gtd,Schulze,IRV
Borda,10000.0,2001.0,6662.0,7314.0,6758.0,7333.0,3353.0
plurality,2001.0,10000.0,2244.0,2244.0,2310.0,2263.0,3580.0
gt,6662.0,2244.0,10000.0,8213.0,8608.0,8237.0,3587.0
minimax,7314.0,2244.0,8213.0,10000.0,8587.0,9911.0,3599.0
gtd,6758.0,2310.0,8608.0,8587.0,10000.0,8607.0,3606.0
Schulze,7333.0,2263.0,8237.0,9911.0,8607.0,10000.0,3603.0
IRV,3353.0,3580.0,3587.0,3599.0,3606.0,3603.0,10000.0
