,Borda,plurality,gt,minimax,gtd,Schulze,IRV
Borda,10000.0,1392.0,5585.0,6275.0,6006.0,6291.0,2222.0
plurality,1392.0,10000.0,1660.0,1658.0,1768.0,1656.0,2530.0
gt,5585.0,1660.0,10000.0,7493.0,8071.0,7495.0,2335.0
minimax,6275.0,1658.0,7493.0,10000.0,8179.0,9955.0,2368.0
gtd,6006.0,1768.0,8071.0,8179.0,10000.0,8183.0,2445.0
Schulze,6291.0,1656.0,7495.0,9955.0,8183.0,10000.0,2369.0
IRV,2222.0,2530.0,2335.0,2368.0,2445.0,2369.0,10000.0
