,Borda,plurality,gt,minimax,gtd,Schulze,IRV
Borda,10000.0,7514.0,9196.0,9233.0,9280.0,9233.0,8793.0
plurality,7514.0,10000.0,8021.0,8050.0,8006.0,8050.0,8336.0
gt,9196.0,8021.0,10000.0,9788.0,9791.0,9788.0,9365.0
minimax,9233.0,8050.0,9788.0,10000.0,9813.0,10000.0,9480.0
gtd,9280.0,8006.0,9791.0,9813.0,10000.0,9813.0,9378.0
Schulze,9233.0,8050.0,9788.0,10000.0,9813.0,10000.0,9480.0
IRV,8793.0,8336.0,9365.0,9480.0,9378.0,9480.0,10000.0
