,Borda,plurality,gt,minimax,gtd,Schulze,IRV
Borda,10000.0,2312.0,6163.0,7047.0,6542.0,7079.0,3649.0
plurality,2312.0,10000.0,2488.0,2573.0,2615.0,2577.0,3771.0
gt,6163.0,2488.0,10000.0,7539.0,8030.0,7564.0,3770.0
minimax,7047.0,2573.0,7539.0,10000.0,8262.0,9891.0,3908.0
gtd,6542.0,2615.0,8030.0,8262.0,10000.0,8296.0,3879.0
Schulze,7079.0,2577.0,7564.0,9891.0,8296.0,10000.0,3919.0
IRV,3649.0,3771.0,3770.0,3908.0,3879.0,3919.0,10000.0
