,Borda,plurality,gt,minimax,gtd,Schulze,IRV
Borda,10000.0,3410.0,4994.0,6112.0,5091.0,6112.0,3309.0
plurality,3410.0,10000.0,6457.0,6669.0,6832.0,6669.0,7641.0
gt,4994.0,6457.0,10000.0,8006.0,8277.0,8006.0,6162.0
minimax,6112.0,6669.0,8006.0,10000.0,8743.0,10000.0,5713.0
gtd,5091.0,6832.0,8277.0,8743.0,10000.0,8743.0,5736.0
Schulze,6112.0,6669.0,8006.0,10000.0,8743.0,10000.0,5713.0
IRV,3309.0,7641.0,6162.0,5713.0,5736.0,5713.0,10000.0
