,Borda,plurality,gt,minimax,gtd,Schulze,IRV
Borda,10000.0,2708.0,6113.0,6888.0,7002.0,6899.0,3720.0
plurality,2708.0,10000.0,3275.0,3306.0,3305.0,3307.0,4706.0
gt,6113.0,3275.0,10000.0,7477.0,7745.0,7478.0,3984.0
minimax,6888.0,3306.0,7477.0,10000.0,8407.0,9944.0,4224.0
gtd,7002.0,3305.0,7745.0,8407.0,10000.0,8411.0,4215.0
Schulze,6899.0,3307.0,7478.0,9944.0,8411.0,10000.0,4225.0
IRV,3720.0,4706.0,3984.0,4224.0,4215.0,4225.0,10000.0
