,Borda,plurality,gt,minimax,gtd,Schulze,IRV
Borda,0.0,35098.0,-4106.0,-5688.0,-7588.0,-5770.0,21690.0
plurality,-35098.0,0.0,-35612.0,-38340.0,-38824.0,-38322.0,-22316.0
gt,4106.0,35612.0,0.0,370.0,40.0,318.0,21872.0
minimax,5688.0,38340.0,-370.0,0.0,-1952.0,-46.0,25146.0
gtd,7588.0,38824.0,-40.0,1952.0,0.0,1986.0,25602.0
Schulze,5770.0,38322.0,-318.0,46.0,-1986.0,0.0,25132.0
IRV,-21690.0,22316.0,-21872.0,-25146.0,-25602.0,-25132.0,0.0
