,Borda,plurality,gt,minimax,gtd,Schulze,IRV
Borda,0.0,13668.0,-984.0,-1918.0,-2718.0,-2084.0,1630.0
plurality,-13668.0,0.0,-11382.0,-13596.0,-12962.0,-13704.0,-11800.0
gt,984.0,11382.0,0.0,276.0,122.0,256.0,3186.0
minimax,1918.0,13596.0,-276.0,0.0,-1268.0,-160.0,3276.0
gtd,2718.0,12962.0,-122.0,1268.0,0.0,1342.0,3244.0
Schulze,2084.0,13704.0,-256.0,160.0,-1342.0,0.0,3378.0
IRV,-1630.0,11800.0,-3186.0,-3276.0,-3244.0,-3378.0,0.0
