,Borda,plurality,gt,minimax,gtd,Schulze,IRV
Borda,10000.0,1631.0,5543.0,6278.0,6117.0,6298.0,2469.0
plurality,1631.0,10000.0,2018.0,2006.0,2106.0,2011.0,2868.0
gt,5543.0,2018.0,10000.0,7379.0,7973.0,7397.0,2615.0
minimax,6278.0,2006.0,7379.0,10000.0,8194.0,9931.0,2708.0
gtd,6117.0,2106.0,7973.0,8194.0,10000.0,8208.0,2793.0
Schulze,6298.0,2011.0,7397.0,9931.0,8208.0,10000.0,2711.0
IRV,2469.0,2868.0,2615.0,2708.0,2793.0,2711.0,10000.0
