,Borda,plurality,gt,minimax,gtd,Schulze,IRV
Borda,0.0,167930.0,-16812.0,-20116.0,-26868.0,-20352.0,109360.0
plurality,-167930.0,0.0,-170522.0,-178818.0,-179764.0,-178724.0,-99350.0
gt,16812.0,170522.0,0.0,998.0,26.0,856.0,107308.0
minimax,20116.0,178818.0,-998.0,0.0,-7780.0,-138.0,119072.0
gtd,26868.0,179764.0,-26.0,7780.0,0.0,7874.0,117884.0
Schulze,20352.0,178724.0,-856.0,138.0,-7874.0,0.0,119300.0
IRV,-109360.0,99350.0,-107308.0,-119072.0,-117884.0,-119300.0,0.0
