,Borda,plurality,gt,minimax,gtd,Schulze,IRV
Borda,10000.0,4299.0,5205.0,7659.0,5324.0,7659.0,5441.0
plurality,4299.0,10000.0,3918.0,4295.0,4141.0,4295.0,7276.0
gt,5205.0,3918.0,10000.0,6465.0,6941.0,6465.0,5809.0
minimax,7659.0,4295.0,6465.0,10000.0,7547.0,10000.0,6184.0
gtd,5324.0,4141.0,6941.0,7547.0,10000.0,7547.0,6309.0
Schulze,7659.0,4295.0,6465.0,10000.0,7547.0,10000.0,6184.0
IRV,5441.0,7276.0,5809.0,6184.0,6309.0,6184.0,10000.0
