,Borda,plurality,gt,minimax,gtd,Schulze,IRV
Borda,10000.0,3427.0,8470.0,8477.0,8485.0,8477.0,6294.0
plurality,3427.0,10000.0,4365.0,4370.0,4358.0,4370.0,5374.0
gt,8470.0,4365.0,10000.0,9926.0,9943.0,9926.0,7317.0
minimax,8477.0,4370.0,9926.0,10000.0,9934.0,10000.0,7326.0
gtd,8485.0,4358.0,9943.0,9934.0,10000.0,9934.0,7311.0
Schulze,8477.0,4370.0,9926.0,10000.0,9934.0,10000.0,7326.0
IRV,6294.0,5374.0,7317.0,7326.0,7311.0,7326.0,10000.0
