,Borda,plurality,gt,minimax,gtd,Schulze,IRV
Borda,0.0,810152.0,-36258.0,-37202.0,-36748.0,-37202.0,103338.0
plurality,-810152.0,0.0,-839634.0,-841572.0,-840280.0,-841572.0,-729460.0
gt,36258.0,839634.0,0.0,-192.0,-234.0,-192.0,139422.0
minimax,37202.0,841572.0,192.0,0.0,-566.0,0.0,140048.0
gtd,36748.0,840280.0,234.0,566.0,0.0,566.0,139006.0
Schulze,37202.0,841572.0,192.0,0.0,-566.0,0.0,140048.0
IRV,-103338.0,729460.0,-139422.0,-140048.0,-139006.0,-140048.0,0.0
