,Borda,plurality,gt,minimax,gtd,Schulze,IRV
Borda,10000.0,2287.0,6267.0,7097.0,6683.0,7136.0,3480.0
plurality,2287.0,10000.0,2582.0,2579.0,2642.0,2580.0,3845.0
gt,6267.0,2582.0,10000.0,7645.0,8096.0,7659.0,3642.0
minimax,7097.0,2579.0,7645.0,10000.0,8369.0,9897.0,3728.0
gtd,6683.0,2642.0,8096.0,8369.0,10000.0,8388.0,3749.0
Schulze,7136.0,2580.0,7659.0,9897.0,8388.0,10000.0,3738.0
IRV,3480.0,3845.0,3642.0,3728.0,3749.0,3738.0,10000.0
