,Borda,plurality,gt,minimax,gtd,Schulze,IRV
Borda,0.0,6902.0,-1334.0,-1318.0,-1328.0,-1318.0,646.0
plurality,-6902.0,0.0,-8166.0,-8220.0,-8230.0,-8220.0,-6256.0
gt,1334.0,8166.0,0.0,16.0,6.0,16.0,1910.0
minimax,1318.0,8220.0,-16.0,0.0,-10.0,0.0,1964.0
gtd,1328.0,8230.0,-6.0,10.0,0.0,10.0,1974.0
Schulze,1318.0,8220.0,-16.0,0.0,-10.0,0.0,1964.0
IRV,-646.0,6256.0,-1910.0,-1964.0,-1974.0,-1964.0,0.0
