,Borda,plurality,gt,minimax,gtd,Schulze,IRV
Borda,10000.0,2804.0,7552.0,8037.0,7648.0,8062.0,4617.0
plurality,2804.0,10000.0,3268.0,3206.0,3301.0,3222.0,4366.0
gt,7552.0,3268.0,10000.0,8977.0,9223.0,8992.0,5158.0
minimax,8037.0,3206.0,8977.0,10000.0,9182.0,9946.0,5146.0
gtd,7648.0,3301.0,9223.0,9182.0,10000.0,9201.0,5195.0
Schulze,8062.0,3222.0,8992.0,9946.0,9201.0,10000.0,5149.0
IRV,4617.0,4366.0,5158.0,5146.0,5195.0,5149.0,10000.0
