,Borda,plurality,gt,minimax,gtd,Schulze,IRV
Borda,10000.0,1775.0,6300.0,7045.0,6476.0,7069.0,2970.0
plurality,1775.0,10000.0,2058.0,2045.0,2087.0,2046.0,3275.0
gt,6300.0,2058.0,10000.0,7990.0,8484.0,8006.0,3192.0
minimax,7045.0,2045.0,7990.0,10000.0,8403.0,9923.0,3229.0
gtd,6476.0,2087.0,8484.0,8403.0,10000.0,8423.0,3242.0
Schulze,7069.0,2046.0,8006.0,9923.0,8423.0,10000.0,3240.0
IRV,2970.0,3275.0,3192.0,3229.0,3242.0,3240.0,10000.0
