,Borda,plurality,gt,minimax,gtd,Schulze,IRV
Borda,10000.0,4698.0,8520.0,8602.0,8663.0,8603.0,7384.0
plurality,4698.0,10000.0,5381.0,5405.0,5350.0,5407.0,6024.0
gt,8520.0,5381.0,10000.0,9628.0,9668.0,9628.0,8197.0
minimax,8602.0,5405.0,9628.0,10000.0,9701.0,9996.0,8301.0
gtd,8663.0,5350.0,9668.0,9701.0,10000.0,9699.0,8170.0
Schulze,8603.0,5407.0,9628.0,9996.0,9699.0,10000.0,8304.0
IRV,7384.0,6024.0,8197.0,8301.0,8170.0,8304.0,10000.0
