,Borda,plurality,gt,minimax,gtd,Schulze,IRV
Borda,1000.0,850.0,885.0,902.0,880.0,902.0,864.0
plurality,850.0,1000.0,905.0,915.0,911.0,915.0,923.0
gt,885.0,905.0,1000.0,974.0,983.0,974.0,958.0
minimax,902.0,915.0,974.0,1000.0,978.0,1000.0,947.0
gtd,880.0,911.0,983.0,978.0,1000.0,978.0,957.0
Schulze,902.0,915.0,974.0,1000.0,978.0,1000.0,947.0
IRV,864.0,923.0,958.0,947.0,957.0,947.0,1000.0
