,Borda,plurality,gt,minimax,gtd,Schulze,IRV
Borda,10000.0,1624.0,6032.0,6795.0,6222.0,6834.0,2621.0
plurality,1624.0,10000.0,1874.0,1858.0,1961.0,1864.0,3051.0
gt,6032.0,1874.0,10000.0,7702.0,8225.0,7714.0,2776.0
minimax,6795.0,1858.0,7702.0,10000.0,8170.0,9903.0,2823.0
gtd,6222.0,1961.0,8225.0,8170.0,10000.0,8189.0,2819.0
Schulze,6834.0,1864.0,7714.0,9903.0,8189.0,10000.0,2832.0
IRV,2621.0,3051.0,2776.0,2823.0,2819.0,2832.0,10000.0
