,Borda,plurality,gt,minimax,gtd,Schulze,IRV
Borda,0.0,40852.0,-29074.0,-36092.0,-37944.0,-36092.0,-35824.0
plurality,-40852.0,0.0,-64990.0,-76736.0,-76784.0,-76736.0,-76778.0
gt,29074.0,64990.0,0.0,104.0,-10.0,104.0,396.0
minimax,36092.0,76736.0,-104.0,0.0,-1852.0,0.0,60.0
gtd,37944.0,76784.0,10.0,1852.0,0.0,1852.0,1342.0
Schulze,36092.0,76736.0,-104.0,0.0,-1852.0,0.0,60.0
IRV,35824.0,76778.0,-396.0,-60.0,-1342.0,-60.0,0.0
