,Borda,plurality,gt,minimax,gtd,Schulze,IRV
Borda,0.0,23728.0,-2820.0,-5810.0,-7546.0,-5986.0,2080.0
plurality,-23728.0,0.0,-21200.0,-25680.0,-25286.0,-25856.0,-23704.0
gt,2820.0,21200.0,0.0,208.0,80.0,98.0,5204.0
minimax,5810.0,25680.0,-208.0,0.0,-2604.0,-112.0,6106.0
gtd,7546.0,25286.0,-80.0,2604.0,0.0,2634.0,6828.0
Schulze,5986.0,25856.0,-98.0,112.0,-2634.0,0.0,6254.0
IRV,-2080.0,23704.0,-5204.0,-6106.0,-6828.0,-6254.0,0.0
