,Borda,plurality,gt,minimax,gtd,Schulze,IRV
Borda,10000.0,4883.0,5030.0,6404.0,5043.0,6404.0,4090.0
plurality,4883.0,10000.0,7816.0,8463.0,9605.0,8463.0,7222.0
gt,5030.0,7816.0,10000.0,7533.0,8015.0,7533.0,7307.0
minimax,6404.0,8463.0,7533.0,10000.0,8639.0,10000.0,6681.0
gtd,5043.0,9605.0,8015.0,8639.0,10000.0,8639.0,7501.0
Schulze,6404.0,8463.0,7533.0,10000.0,8639.0,10000.0,6681.0
IRV,4090.0,7222.0,7307.0,6681.0,7501.0,6681.0,10000.0
