,Borda,plurality,gt,minimax,gtd,Schulze,IRV
Borda,0.0,0.026058631921824105,-0.006514657980456026,0.0,-0.006514657980456026,0.0,0.0
plurality,-0.026058631921824105,0.0,0.02280130293159609,-0.026058631921824105,0.02280130293159609,-0.026058631921824105,-0.026058631921824105
gt,0.006514657980456026,-0.02280130293159609,0.0,0.006514657980456026,0.0,0.006514657980456026,0.006514657980456026
minimax,0.0,0.026058631921824105,-0.006514657980456026,0.0,-0.006514657980456026,0.0,0.0
gtd,0.006514657980456026,-0.02280130293159609,0.0,0.006514657980456026,0.0,0.006514657980456026,0.006514657980456026
Schulze,0.0,0.026058631921824105,-0.006514657980456026,0.0,-0.006514657980456026,0.0,0.0
IRV,0.0,0.026058631921824105,-0.006514657980456026,0.0,-0.006514657980456026,0.0,0.0
