,Borda,plurality,gt,minimax,gtd,Schulze,IRV
Borda,0.0,-0.0019569471624266144,-0.0019569471624266144,0.0,-0.0019569471624266144,0.0,0.029354207436399216
plurality,0.0019569471624266144,0.0,0.0,0.0019569471624266144,0.0,0.0019569471624266144,-0.021526418786692758
gt,0.0019569471624266144,0.0,0.0,0.0019569471624266144,0.0,0.0019569471624266144,-0.021526418786692758
minimax,0.0,-0.0019569471624266144,-0.0019569471624266144,0.0,-0.0019569471624266144,0.0,0.029354207436399216
gtd,0.0019569471624266144,0.0,0.0,0.0019569471624266144,0.0,0.0019569471624266144,-0.021526418786692758
Schulze,0.0,-0.0019569471624266144,-0.0019569471624266144,0.0,-0.0019569471624266144,0.0,0.029354207436399216
IRV,-0.029354207436399216,0.021526418786692758,0.021526418786692758,-0.029354207436399216,0.021526418786692758,-0.029354207436399216,0.0
