,Borda,plurality,gt,minimax,gtd,Schulze,IRV
Borda,0.0,-0.02390998593530239,0.057665260196905765,-0.02390998593530239,-0.02390998593530239,-0.02390998593530239,0.057665260196905765
plurality,0.02390998593530239,0.0,-0.01828410689170183,0.0,0.0,0.0,-0.01828410689170183
gt,-0.057665260196905765,0.01828410689170183,0.0,0.01828410689170183,0.01828410689170183,0.01828410689170183,0.0
minimax,0.02390998593530239,0.0,-0.01828410689170183,0.0,0.0,0.0,-0.01828410689170183
gtd,0.02390998593530239,0.0,-0.01828410689170183,0.0,0.0,0.0,-0.01828410689170183
Schulze,0.02390998593530239,0.0,-0.01828410689170183,0.0,0.0,0.0,-0.01828410689170183
IRV,-0.057665260196905765,0.01828410689170183,0.0,0.01828410689170183,0.01828410689170183,0.01828410689170183,0.0
