,Borda,plurality,gt,minimax,gtd,Schulze,IRV
Borda,0.0,0.03867403314917127,-0.02394106813996317,-0.02394106813996317,-0.02394106813996317,-0.02394106813996317,0.0
plurality,-0.03867403314917127,0.0,0.016574585635359115,0.016574585635359115,0.016574585635359115,0.016574585635359115,-0.03867403314917127
gt,0.02394106813996317,-0.016574585635359115,0.0,0.0,0.0,0.0,0.02394106813996317
minimax,0.02394106813996317,-0.016574585635359115,0.0,0.0,0.0,0.0,0.02394106813996317
gtd,0.02394106813996317,-0.016574585635359115,0.0,0.0,0.0,0.0,0.02394106813996317
Schulze,0.02394106813996317,-0.016574585635359115,0.0,0.0,0.0,0.0,0.02394106813996317
IRV,0.0,0.03867403314917127,-0.02394106813996317,-0.02394106813996317,-0.02394106813996317,-0.02394106813996317,0.0
