,Borda,plurality,gt,minimax,gtd,Schulze,IRV
Borda,0.0,0.03553299492385787,-0.018612521150592216,0.0,0.0,0.0,0.03553299492385787
plurality,-0.03553299492385787,0.0,0.049069373942470386,-0.03553299492385787,-0.03553299492385787,-0.03553299492385787,0.0
gt,0.018612521150592216,-0.049069373942470386,0.0,0.018612521150592216,0.018612521150592216,0.018612521150592216,-0.049069373942470386
minimax,0.0,0.03553299492385787,-0.018612521150592216,0.0,0.0,0.0,0.03553299492385787
gtd,0.0,0.03553299492385787,-0.018612521150592216,0.0,0.0,0.0,0.03553299492385787
Schulze,0.0,0.03553299492385787,-0.018612521150592216,0.0,0.0,0.0,0.03553299492385787
IRV,-0.03553299492385787,0.0,0.049069373942470386,-0.03553299492385787,-0.03553299492385787,-0.03553299492385787,0.0
