,Borda,plurality,gt,minimax,gtd,Schulze,IRV
Borda,0.0,0.04184704184704185,-0.001443001443001443,0.0,-0.001443001443001443,0.0,0.0
plurality,-0.04184704184704185,0.0,0.004329004329004329,-0.04184704184704185,0.004329004329004329,-0.04184704184704185,-0.04184704184704185
gt,0.001443001443001443,-0.004329004329004329,0.0,0.001443001443001443,0.0,0.001443001443001443,0.001443001443001443
minimax,0.0,0.04184704184704185,-0.001443001443001443,0.0,-0.001443001443001443,0.0,0.0
gtd,0.001443001443001443,-0.004329004329004329,0.0,0.001443001443001443,0.0,0.001443001443001443,0.001443001443001443
Schulze,0.0,0.04184704184704185,-0.001443001443001443,0.0,-0.001443001443001443,0.0,0.0
IRV,0.0,0.04184704184704185,-0.001443001443001443,0.0,-0.001443001443001443,0.0,0.0
