,Borda,plurality,gt,minimax,gtd,Schulze,IRV
Borda,0.0,-0.028985507246376812,0.03864734299516908,-0.028985507246376812,-0.028985507246376812,-0.028985507246376812,0.03864734299516908
plurality,0.028985507246376812,0.0,-0.024154589371980676,0.0,0.0,0.0,-0.024154589371980676
gt,-0.03864734299516908,0.024154589371980676,0.0,0.024154589371980676,0.024154589371980676,0.024154589371980676,0.0
minimax,0.028985507246376812,0.0,-0.024154589371980676,0.0,0.0,0.0,-0.024154589371980676
gtd,0.028985507246376812,0.0,-0.024154589371980676,0.0,0.0,0.0,-0.024154589371980676
Schulze,0.028985507246376812,0.0,-0.024154589371980676,0.0,0.0,0.0,-0.024154589371980676
IRV,-0.03864734299516908,0.024154589371980676,0.0,0.024154589371980676,0.024154589371980676,0.024154589371980676,0.0
