,Borda,plurality,gt,minimax,gtd,Schulze,IRV
Borda,0.0,-0.0043859649122807015,-0.0043859649122807015,0.0,-0.0043859649122807015,0.0,0.019736842105263157
plurality,0.0043859649122807015,0.0,0.0,0.0043859649122807015,0.0,0.0043859649122807015,-0.008771929824561403
gt,0.0043859649122807015,0.0,0.0,0.0043859649122807015,0.0,0.0043859649122807015,-0.008771929824561403
minimax,0.0,-0.0043859649122807015,-0.0043859649122807015,0.0,-0.0043859649122807015,0.0,0.019736842105263157
gtd,0.0043859649122807015,0.0,0.0,0.0043859649122807015,0.0,0.0043859649122807015,-0.008771929824561403
Schulze,0.0,-0.0043859649122807015,-0.0043859649122807015,0.0,-0.0043859649122807015,0.0,0.019736842105263157
IRV,-0.019736842105263157,0.008771929824561403,0.008771929824561403,-0.019736842105263157,0.008771929824561403,-0.019736842105263157,0.0
