,Borda,plurality,gt,minimax,gtd,Schulze,IRV
Borda,0.0,-0.009216589861751152,0.027649769585253458,0.0,-0.009216589861751152,0.0,-0.009216589861751152
plurality,0.009216589861751152,0.0,-0.02304147465437788,0.009216589861751152,0.0,0.009216589861751152,0.0
gt,-0.027649769585253458,0.02304147465437788,0.0,-0.027649769585253458,0.02304147465437788,-0.027649769585253458,0.02304147465437788
minimax,0.0,-0.009216589861751152,0.027649769585253458,0.0,-0.009216589861751152,0.0,-0.009216589861751152
gtd,0.009216589861751152,0.0,-0.02304147465437788,0.009216589861751152,0.0,0.009216589861751152,0.0
Schulze,0.0,-0.009216589861751152,0.027649769585253458,0.0,-0.009216589861751152,0.0,-0.009216589861751152
IRV,0.009216589861751152,0.0,-0.02304147465437788,0.009216589861751152,0.0,0.009216589861751152,0.0
