,Borda,plurality,gt,minimax,gtd,Schulze,IRV
Borda,0.0,-0.006472491909385114,-0.006472491909385114,0.0,-0.006472491909385114,0.0,0.032362459546925564
plurality,0.006472491909385114,0.0,0.0,0.006472491909385114,0.0,0.006472491909385114,-0.021574973031283712
gt,0.006472491909385114,0.0,0.0,0.006472491909385114,0.0,0.006472491909385114,-0.021574973031283712
minimax,0.0,-0.006472491909385114,-0.006472491909385114,0.0,-0.006472491909385114,0.0,0.032362459546925564
gtd,0.006472491909385114,0.0,0.0,0.006472491909385114,0.0,0.006472491909385114,-0.021574973031283712
Schulze,0.0,-0.006472491909385114,-0.006472491909385114,0.0,-0.006472491909385114,0.0,0.032362459546925564
IRV,-0.032362459546925564,0.021574973031283712,0.021574973031283712,-0.032362459546925564,0.021574973031283712,-0.032362459546925564,0.0
