,Borda,plurality,gt,minimax,gtd,Schulze,IRV
Borda,0.0,0.01559792027729636,0.0,-0.005199306759098787,-0.005199306759098787,-0.005199306759098787,0.0
plurality,-0.01559792027729636,0.0,-0.01559792027729636,0.0017331022530329288,0.0017331022530329288,0.0017331022530329288,-0.01559792027729636
gt,0.0,0.01559792027729636,0.0,-0.005199306759098787,-0.005199306759098787,-0.005199306759098787,0.0
minimax,0.005199306759098787,-0.0017331022530329288,0.005199306759098787,0.0,0.0,0.0,0.005199306759098787
gtd,0.005199306759098787,-0.0017331022530329288,0.005199306759098787,0.0,0.0,0.0,0.005199306759098787
Schulze,0.005199306759098787,-0.0017331022530329288,0.005199306759098787,0.0,0.0,0.0,0.005199306759098787
IRV,0.0,0.01559792027729636,0.0,-0.005199306759098787,-0.005199306759098787,-0.005199306759098787,0.0
