,Borda,plurality,gt,minimax,gtd,Schulze,IRV
Borda,0.0,-0.013452914798206279,-0.013452914798206279,0.0,-0.013452914798206279,0.0,0.03139013452914798
plurality,0.013452914798206279,0.0,0.0,0.013452914798206279,0.0,0.013452914798206279,-0.017937219730941704
gt,0.013452914798206279,0.0,0.0,0.013452914798206279,0.0,0.013452914798206279,-0.017937219730941704
minimax,0.0,-0.013452914798206279,-0.013452914798206279,0.0,-0.013452914798206279,0.0,0.03139013452914798
gtd,0.013452914798206279,0.0,0.0,0.013452914798206279,0.0,0.013452914798206279,-0.017937219730941704
Schulze,0.0,-0.013452914798206279,-0.013452914798206279,0.0,-0.013452914798206279,0.0,0.03139013452914798
IRV,-0.03139013452914798,0.017937219730941704,0.017937219730941704,-0.03139013452914798,0.017937219730941704,-0.03139013452914798,0.0
