,Borda,plurality,gt,minimax,gtd,Schulze,IRV
Borda,0.0,0.02334889926617745,0.0,0.0,-0.0020013342228152103,0.0,0.02334889926617745
plurality,-0.02334889926617745,0.0,-0.02334889926617745,-0.02334889926617745,0.02068045363575717,-0.02334889926617745,0.0
gt,0.0,0.02334889926617745,0.0,0.0,-0.0020013342228152103,0.0,0.02334889926617745
minimax,0.0,0.02334889926617745,0.0,0.0,-0.0020013342228152103,0.0,0.02334889926617745
gtd,0.0020013342228152103,-0.02068045363575717,0.0020013342228152103,0.0020013342228152103,0.0,0.0020013342228152103,-0.02068045363575717
Schulze,0.0,0.02334889926617745,0.0,0.0,-0.0020013342228152103,0.0,0.02334889926617745
IRV,-0.02334889926617745,0.0,-0.02334889926617745,-0.02334889926617745,0.02068045363575717,-0.02334889926617745,0.0
