,Borda,plurality,gt,minimax,gtd,Schulze,IRV
Borda,0.0,0.05370843989769821,-0.017902813299232736,-0.017902813299232736,-0.017902813299232736,-0.017902813299232736,0.05370843989769821
plurality,-0.05370843989769821,0.0,0.0076726342710997444,0.0076726342710997444,0.0076726342710997444,0.0076726342710997444,0.0
gt,0.017902813299232736,-0.0076726342710997444,0.0,0.0,0.0,0.0,-0.0076726342710997444
minimax,0.017902813299232736,-0.0076726342710997444,0.0,0.0,0.0,0.0,-0.0076726342710997444
gtd,0.017902813299232736,-0.0076726342710997444,0.0,0.0,0.0,0.0,-0.0076726342710997444
Schulze,0.017902813299232736,-0.0076726342710997444,0.0,0.0,0.0,0.0,-0.0076726342710997444
IRV,-0.05370843989769821,0.0,0.0076726342710997444,0.0076726342710997444,0.0076726342710997444,0.0076726342710997444,0.0
