,Borda,plurality,gt,minimax,gtd,Schulze,IRV
Borda,0.0,0.0,0.05583756345177665,-0.025380710659898477,-0.025380710659898477,-0.025380710659898477,-0.025380710659898477
plurality,0.0,0.0,0.05583756345177665,-0.025380710659898477,-0.025380710659898477,-0.025380710659898477,-0.025380710659898477
gt,-0.05583756345177665,-0.05583756345177665,0.0,0.02030456852791878,0.02030456852791878,0.02030456852791878,0.02030456852791878
minimax,0.025380710659898477,0.025380710659898477,-0.02030456852791878,0.0,0.0,0.0,0.0
gtd,0.025380710659898477,0.025380710659898477,-0.02030456852791878,0.0,0.0,0.0,0.0
Schulze,0.025380710659898477,0.025380710659898477,-0.02030456852791878,0.0,0.0,0.0,0.0
IRV,0.025380710659898477,0.025380710659898477,-0.02030456852791878,0.0,0.0,0.0,0.0
