,Borda,plurality,gt,minimax,gtd,Schulze,IRV
Borda,0.0,0.055865921787709494,-0.0335195530726257,0.0,-0.0335195530726257,0.0,0.0
plurality,-0.055865921787709494,0.0,0.0446927374301676,-0.055865921787709494,0.0446927374301676,-0.055865921787709494,-0.055865921787709494
gt,0.0335195530726257,-0.0446927374301676,0.0,0.0335195530726257,0.0,0.0335195530726257,0.0335195530726257
minimax,0.0,0.055865921787709494,-0.0335195530726257,0.0,-0.0335195530726257,0.0,0.0
gtd,0.0335195530726257,-0.0446927374301676,0.0,0.0335195530726257,0.0,0.0335195530726257,0.0335195530726257
Schulze,0.0,0.055865921787709494,-0.0335195530726257,0.0,-0.0335195530726257,0.0,0.0
IRV,0.0,0.055865921787709494,-0.0335195530726257,0.0,-0.0335195530726257,0.0,0.0
