,Borda,plurality,gt,minimax,gtd,Schulze,IRV
Borda,0.0,0.05325443786982249,-0.02485207100591716,-0.02485207100591716,-0.02485207100591716,-0.02485207100591716,0.05325443786982249
plurality,-0.05325443786982249,0.0,0.01775147928994083,0.01775147928994083,0.01775147928994083,0.01775147928994083,0.0
gt,0.02485207100591716,-0.01775147928994083,0.0,0.0,0.0,0.0,-0.01775147928994083
minimax,0.02485207100591716,-0.01775147928994083,0.0,0.0,0.0,0.0,-0.01775147928994083
gtd,0.02485207100591716,-0.01775147928994083,0.0,0.0,0.0,0.0,-0.01775147928994083
Schulze,0.02485207100591716,-0.01775147928994083,0.0,0.0,0.0,0.0,-0.01775147928994083
IRV,-0.05325443786982249,0.0,0.01775147928994083,0.01775147928994083,0.01775147928994083,0.01775147928994083,0.0
