,Borda,plurality,gt,minimax,gtd,Schulze,IRV
Borda,0.0,0.0,0.024336283185840708,-0.011061946902654867,-0.011061946902654867,-0.011061946902654867,-0.011061946902654867
plurality,0.0,0.0,0.024336283185840708,-0.011061946902654867,-0.011061946902654867,-0.011061946902654867,-0.011061946902654867
gt,-0.024336283185840708,-0.024336283185840708,0.0,0.00663716814159292,0.00663716814159292,0.00663716814159292,0.00663716814159292
minimax,0.011061946902654867,0.011061946902654867,-0.00663716814159292,0.0,0.0,0.0,0.0
gtd,0.011061946902654867,0.011061946902654867,-0.00663716814159292,0.0,0.0,0.0,0.0
Schulze,0.011061946902654867,0.011061946902654867,-0.00663716814159292,0.0,0.0,0.0,0.0
IRV,0.011061946902654867,0.011061946902654867,-0.00663716814159292,0.0,0.0,0.0,0.0
