,Borda,plurality,gt,minimax,gtd,Schulze,IRV
Borda,0.0,0.04745762711864407,-0.020338983050847456,-0.020338983050847456,-0.020338983050847456,-0.020338983050847456,0.04745762711864407
plurality,-0.04745762711864407,0.0,0.006779661016949152,0.006779661016949152,0.006779661016949152,0.006779661016949152,0.0
gt,0.020338983050847456,-0.006779661016949152,0.0,0.0,0.0,0.0,-0.006779661016949152
minimax,0.020338983050847456,-0.006779661016949152,0.0,0.0,0.0,0.0,-0.006779661016949152
gtd,0.020338983050847456,-0.006779661016949152,0.0,0.0,0.0,0.0,-0.006779661016949152
Schulze,0.020338983050847456,-0.006779661016949152,0.0,0.0,0.0,0.0,-0.006779661016949152
IRV,-0.04745762711864407,0.0,0.006779661016949152,0.006779661016949152,0.006779661016949152,0.006779661016949152,0.0
