,Borda,plurality,gt,minimax,gtd,Schulze,IRV
Borda,0.0,0.06628242074927954,-0.01440922190201729,0.0,-0.01440922190201729,0.0,0.0
plurality,-0.06628242074927954,0.0,0.025936599423631124,-0.06628242074927954,0.025936599423631124,-0.06628242074927954,-0.06628242074927954
gt,0.01440922190201729,-0.025936599423631124,0.0,0.01440922190201729,0.0,0.01440922190201729,0.01440922190201729
minimax,0.0,0.06628242074927954,-0.01440922190201729,0.0,-0.01440922190201729,0.0,0.0
gtd,0.01440922190201729,-0.025936599423631124,0.0,0.01440922190201729,0.0,0.01440922190201729,0.01440922190201729
Schulze,0.0,0.06628242074927954,-0.01440922190201729,0.0,-0.01440922190201729,0.0,0.0
IRV,0.0,0.06628242074927954,-0.01440922190201729,0.0,-0.01440922190201729,0.0,0.0
