,Borda,plurality,gt,minimax,gtd,Schulze,IRV
Borda,0.0,0.0234009360374415,-0.0109204368174727,-0.0109204368174727,-0.0109204368174727,-0.0109204368174727,0.0234009360374415
plurality,-0.0234009360374415,0.0,0.0046801872074883,0.0046801872074883,0.0046801872074883,0.0046801872074883,0.0
gt,0.0109204368174727,-0.0046801872074883,0.0,0.0,0.0,0.0,-0.0046801872074883
minimax,0.0109204368174727,-0.0046801872074883,0.0,0.0,0.0,0.0,-0.0046801872074883
gtd,0.0109204368174727,-0.0046801872074883,0.0,0.0,0.0,0.0,-0.0046801872074883
Schulze,0.0109204368174727,-0.0046801872074883,0.0,0.0,0.0,0.0,-0.0046801872074883
IRV,-0.0234009360374415,0.0,0.0046801872074883,0.0046801872074883,0.0046801872074883,0.0046801872074883,0.0
