,Borda,plurality,gt,minimax,gtd,Schulze,IRV
Borda,0.0,-0.02184235517568851,0.0389363722697056,-0.02184235517568851,-0.02184235517568851,-0.02184235517568851,0.0389363722697056
plurality,0.02184235517568851,0.0,-0.010446343779677113,0.0,0.0,0.0,-0.010446343779677113
gt,-0.0389363722697056,0.010446343779677113,0.0,0.010446343779677113,0.010446343779677113,0.010446343779677113,0.0
minimax,0.02184235517568851,0.0,-0.010446343779677113,0.0,0.0,0.0,-0.010446343779677113
gtd,0.02184235517568851,0.0,-0.010446343779677113,0.0,0.0,0.0,-0.010446343779677113
Schulze,0.02184235517568851,0.0,-0.010446343779677113,0.0,0.0,0.0,-0.010446343779677113
IRV,-0.0389363722697056,0.010446343779677113,0.0,0.010446343779677113,0.010446343779677113,0.010446343779677113,0.0
