,Borda,plurality,gt,minimax,gtd,Schulze,IRV
Borda,0.0,0.010582010582010581,-0.0013227513227513227,0.0,-0.0013227513227513227,0.0,0.0
plurality,-0.010582010582010581,0.0,0.005291005291005291,-0.010582010582010581,0.005291005291005291,-0.010582010582010581,-0.010582010582010581
gt,0.0013227513227513227,-0.005291005291005291,0.0,0.0013227513227513227,0.0,0.0013227513227513227,0.0013227513227513227
minimax,0.0,0.010582010582010581,-0.0013227513227513227,0.0,-0.0013227513227513227,0.0,0.0
gtd,0.0013227513227513227,-0.005291005291005291,0.0,0.0013227513227513227,0.0,0.0013227513227513227,0.0013227513227513227
Schulze,0.0,0.010582010582010581,-0.0013227513227513227,0.0,-0.0013227513227513227,0.0,0.0
IRV,0.0,0.010582010582010581,-0.0013227513227513227,0.0,-0.0013227513227513227,0.0,0.0
