,Borda,plurality,gt,minimax,gtd,Schulze,IRV
Borda,0.0,-0.011686143572621035,-0.011686143572621035,0.0,-0.011686143572621035,0.0,0.025041736227045076
plurality,0.011686143572621035,0.0,0.0,0.011686143572621035,0.0,0.011686143572621035,-0.018363939899833055
gt,0.011686143572621035,0.0,0.0,0.011686143572621035,0.0,0.011686143572621035,-0.018363939899833055
minimax,0.0,-0.011686143572621035,-0.011686143572621035,0.0,-0.011686143572621035,0.0,0.025041736227045076
gtd,0.011686143572621035,0.0,0.0,0.011686143572621035,0.0,0.011686143572621035,-0.018363939899833055
Schulze,0.0,-0.011686143572621035,-0.011686143572621035,0.0,-0.011686143572621035,0.0,0.025041736227045076
IRV,-0.025041736227045076,0.018363939899833055,0.018363939899833055,-0.025041736227045076,0.018363939899833055,-0.025041736227045076,0.0
