,Borda,plurality,gt,minimax,gtd,Schulze,IRV
Borda,0.0,-0.021505376344086023,-0.021505376344086023,0.0,-0.021505376344086023,0.0,0.043010752688172046
plurality,0.021505376344086023,0.0,0.0,0.021505376344086023,0.0,0.021505376344086023,-0.03763440860215054
gt,0.021505376344086023,0.0,0.0,0.021505376344086023,0.0,0.021505376344086023,-0.03763440860215054
minimax,0.0,-0.021505376344086023,-0.021505376344086023,0.0,-0.021505376344086023,0.0,0.043010752688172046
gtd,0.021505376344086023,0.0,0.0,0.021505376344086023,0.0,0.021505376344086023,-0.03763440860215054
Schulze,0.0,-0.021505376344086023,-0.021505376344086023,0.0,-0.021505376344086023,0.0,0.043010752688172046
IRV,-0.043010752688172046,0.03763440860215054,0.03763440860215054,-0.043010752688172046,0.03763440860215054,-0.043010752688172046,0.0
