,Borda,plurality,gt,minimax,gtd,Schulze,IRV
Borda,0.0,0.018302828618968387,-0.010537992235163616,0.0,-0.010537992235163616,0.0,0.0
plurality,-0.018302828618968387,0.0,0.011647254575707155,-0.018302828618968387,0.011647254575707155,-0.018302828618968387,-0.018302828618968387
gt,0.010537992235163616,-0.011647254575707155,0.0,0.010537992235163616,0.0,0.010537992235163616,0.010537992235163616
minimax,0.0,0.018302828618968387,-0.010537992235163616,0.0,-0.010537992235163616,0.0,0.0
gtd,0.010537992235163616,-0.011647254575707155,0.0,0.010537992235163616,0.0,0.010537992235163616,0.010537992235163616
Schulze,0.0,0.018302828618968387,-0.010537992235163616,0.0,-0.010537992235163616,0.0,0.0
IRV,0.0,0.018302828618968387,-0.010537992235163616,0.0,-0.010537992235163616,0.0,0.0
