,Borda,plurality,gt,minimax,gtd,Schulze,IRV
Borda,0.0,0.0125,-0.004166666666666667,0.0,0.0,0.0,0.0125
plurality,-0.0125,0.0,0.016666666666666666,-0.0125,-0.0125,-0.0125,0.0
gt,0.004166666666666667,-0.016666666666666666,0.0,0.004166666666666667,0.004166666666666667,0.004166666666666667,-0.016666666666666666
minimax,0.0,0.0125,-0.004166666666666667,0.0,0.0,0.0,0.0125
gtd,0.0,0.0125,-0.004166666666666667,0.0,0.0,0.0,0.0125
Schulze,0.0,0.0125,-0.004166666666666667,0.0,0.0,0.0,0.0125
IRV,-0.0125,0.0,0.016666666666666666,-0.0125,-0.0125,-0.0125,0.0
