,Borda,plurality,gt,minimax,gtd,Schulze,IRV
Borda,0.0,0.07317073170731707,-0.02926829268292683,-0.02926829268292683,-0.02926829268292683,-0.02926829268292683,0.07317073170731707
plurality,-0.07317073170731707,0.0,0.024390243902439025,0.024390243902439025,0.024390243902439025,0.024390243902439025,0.0
gt,0.02926829268292683,-0.024390243902439025,0.0,0.0,0.0,0.0,-0.024390243902439025
minimax,0.02926829268292683,-0.024390243902439025,0.0,0.0,0.0,0.0,-0.024390243902439025
gtd,0.02926829268292683,-0.024390243902439025,0.0,0.0,0.0,0.0,-0.024390243902439025
Schulze,0.02926829268292683,-0.024390243902439025,0.0,0.0,0.0,0.0,-0.024390243902439025
IRV,-0.07317073170731707,0.0,0.024390243902439025,0.024390243902439025,0.024390243902439025,0.024390243902439025,0.0
