,Borda,plurality,gt,minimax,gtd,Schulze,IRV
Borda,0.0,0.028423772609819122,-0.023255813953488372,-0.023255813953488372,-0.023255813953488372,-0.023255813953488372,0.0
plurality,-0.028423772609819122,0.0,0.01808785529715762,0.01808785529715762,0.01808785529715762,0.01808785529715762,-0.028423772609819122
gt,0.023255813953488372,-0.01808785529715762,0.0,0.0,0.0,0.0,0.023255813953488372
minimax,0.023255813953488372,-0.01808785529715762,0.0,0.0,0.0,0.0,0.023255813953488372
gtd,0.023255813953488372,-0.01808785529715762,0.0,0.0,0.0,0.0,0.023255813953488372
Schulze,0.023255813953488372,-0.01808785529715762,0.0,0.0,0.0,0.0,0.023255813953488372
IRV,0.0,0.028423772609819122,-0.023255813953488372,-0.023255813953488372,-0.023255813953488372,-0.023255813953488372,0.0
