,Borda,plurality,gt,minimax,gtd,Schulze,IRV
Borda,0.0,-0.00411522633744856,-0.00411522633744856,0.0,-0.00411522633744856,0.0,0.01646090534979424
plurality,0.00411522633744856,0.0,0.0,0.00411522633744856,0.0,0.00411522633744856,-0.00823045267489712
gt,0.00411522633744856,0.0,0.0,0.00411522633744856,0.0,0.00411522633744856,-0.00823045267489712
minimax,0.0,-0.00411522633744856,-0.00411522633744856,0.0,-0.00411522633744856,0.0,0.01646090534979424
gtd,0.00411522633744856,0.0,0.0,0.00411522633744856,0.0,0.00411522633744856,-0.00823045267489712
Schulze,0.0,-0.00411522633744856,-0.00411522633744856,0.0,-0.00411522633744856,0.0,0.01646090534979424
IRV,-0.01646090534979424,0.00823045267489712,0.00823045267489712,-0.01646090534979424,0.00823045267489712,-0.01646090534979424,0.0
