,Borda,plurality,gt,minimax,gtd,Schulze,IRV
Borda,0.0,0.017351598173515982,-0.0009132420091324201,0.0,-0.0009132420091324201,0.0,0.0
plurality,-0.017351598173515982,0.0,0.00821917808219178,-0.017351598173515982,0.00821917808219178,-0.017351598173515982,-0.017351598173515982
gt,0.0009132420091324201,-0.00821917808219178,0.0,0.0009132420091324201,0.0,0.0009132420091324201,0.0009132420091324201
minimax,0.0,0.017351598173515982,-0.0009132420091324201,0.0,-0.0009132420091324201,0.0,0.0
gtd,0.0009132420091324201,-0.00821917808219178,0.0,0.0009132420091324201,0.0,0.0009132420091324201,0.0009132420091324201
Schulze,0.0,0.017351598173515982,-0.0009132420091324201,0.0,-0.0009132420091324201,0.0,0.0
IRV,0.0,0.017351598173515982,-0.0009132420091324201,0.0,-0.0009132420091324201,0.0,0.0
