,Borda,plurality,gt,minimax,gtd,Schulze,IRV
Borda,0.0,0.023668639053254437,-0.0029585798816568047,0.0,-0.0029585798816568047,0.0,0.0
plurality,-0.023668639053254437,0.0,0.014792899408284023,-0.023668639053254437,0.014792899408284023,-0.023668639053254437,-0.023668639053254437
gt,0.0029585798816568047,-0.014792899408284023,0.0,0.0029585798816568047,0.0,0.0029585798816568047,0.0029585798816568047
minimax,0.0,0.023668639053254437,-0.0029585798816568047,0.0,-0.0029585798816568047,0.0,0.0
gtd,0.0029585798816568047,-0.014792899408284023,0.0,0.0029585798816568047,0.0,0.0029585798816568047,0.0029585798816568047
Schulze,0.0,0.023668639053254437,-0.0029585798816568047,0.0,-0.0029585798816568047,0.0,0.0
IRV,0.0,0.023668639053254437,-0.0029585798816568047,0.0,-0.0029585798816568047,0.0,0.0
