,Borda,plurality,gt,minimax,gtd,Schulze,IRV
Borda,0.0,-0.022132796780684104,0.06237424547283702,-0.022132796780684104,-0.022132796780684104,-0.022132796780684104,0.06237424547283702
plurality,0.022132796780684104,0.0,-0.014084507042253521,0.0,0.0,0.0,-0.014084507042253521
gt,-0.06237424547283702,0.014084507042253521,0.0,0.014084507042253521,0.014084507042253521,0.014084507042253521,0.0
minimax,0.022132796780684104,0.0,-0.014084507042253521,0.0,0.0,0.0,-0.014084507042253521
gtd,0.022132796780684104,0.0,-0.014084507042253521,0.0,0.0,0.0,-0.014084507042253521
Schulze,0.022132796780684104,0.0,-0.014084507042253521,0.0,0.0,0.0,-0.014084507042253521
IRV,-0.06237424547283702,0.014084507042253521,0.0,0.014084507042253521,0.014084507042253521,0.014084507042253521,0.0
