,Borda,plurality,gt,minimax,gtd,Schulze,IRV
Borda,0.0,-0.009900990099009901,-0.009900990099009901,0.0,-0.009900990099009901,0.0,0.0297029702970297
plurality,0.009900990099009901,0.0,0.0,0.009900990099009901,0.0,0.009900990099009901,-0.024752475247524754
gt,0.009900990099009901,0.0,0.0,0.009900990099009901,0.0,0.009900990099009901,-0.024752475247524754
minimax,0.0,-0.009900990099009901,-0.009900990099009901,0.0,-0.009900990099009901,0.0,0.0297029702970297
gtd,0.009900990099009901,0.0,0.0,0.009900990099009901,0.0,0.009900990099009901,-0.024752475247524754
Schulze,0.0,-0.009900990099009901,-0.009900990099009901,0.0,-0.009900990099009901,0.0,0.0297029702970297
IRV,-0.0297029702970297,0.024752475247524754,0.024752475247524754,-0.0297029702970297,0.024752475247524754,-0.0297029702970297,0.0
