,Borda,plurality,gt,minimax,gtd,Schulze,IRV
Borda,0.0,0.017123287671232876,-0.003424657534246575,0.0,-0.003424657534246575,0.0,0.0
plurality,-0.017123287671232876,0.0,0.010273972602739725,-0.017123287671232876,0.010273972602739725,-0.017123287671232876,-0.017123287671232876
gt,0.003424657534246575,-0.010273972602739725,0.0,0.003424657534246575,0.0,0.003424657534246575,0.003424657534246575
minimax,0.0,0.017123287671232876,-0.003424657534246575,0.0,-0.003424657534246575,0.0,0.0
gtd,0.003424657534246575,-0.010273972602739725,0.0,0.003424657534246575,0.0,0.003424657534246575,0.003424657534246575
Schulze,0.0,0.017123287671232876,-0.003424657534246575,0.0,-0.003424657534246575,0.0,0.0
IRV,0.0,0.017123287671232876,-0.003424657534246575,0.0,-0.003424657534246575,0.0,0.0
