,Borda,plurality,gt,minimax,gtd,Schulze,IRV
Borda,0.0,-0.006670087224217547,-0.006670087224217547,0.0,-0.006670087224217547,0.0,0.019497178040020522
plurality,0.006670087224217547,0.0,0.0,0.006670087224217547,0.0,0.006670087224217547,-0.009748589020010261
gt,0.006670087224217547,0.0,0.0,0.006670087224217547,0.0,0.006670087224217547,-0.009748589020010261
minimax,0.0,-0.006670087224217547,-0.006670087224217547,0.0,-0.006670087224217547,0.0,0.019497178040020522
gtd,0.006670087224217547,0.0,0.0,0.006670087224217547,0.0,0.006670087224217547,-0.009748589020010261
Schulze,0.0,-0.006670087224217547,-0.006670087224217547,0.0,-0.006670087224217547,0.0,0.019497178040020522
IRV,-0.019497178040020522,0.009748589020010261,0.009748589020010261,-0.019497178040020522,0.009748589020010261,-0.019497178040020522,0.0
