,Borda,plurality,gt,minimax,gtd,Schulze,IRV
Borda,0.0,0.05719921104536489,-0.0019723865877712033,0.0,-0.0019723865877712033,0.0,0.0
plurality,-0.05719921104536489,0.0,0.005917159763313609,-0.05719921104536489,0.005917159763313609,-0.05719921104536489,-0.05719921104536489
gt,0.0019723865877712033,-0.005917159763313609,0.0,0.0019723865877712033,0.0,0.0019723865877712033,0.0019723865877712033
minimax,0.0,0.05719921104536489,-0.0019723865877712033,0.0,-0.0019723865877712033,0.0,0.0
gtd,0.0019723865877712033,-0.005917159763313609,0.0,0.0019723865877712033,0.0,0.0019723865877712033,0.0019723865877712033
Schulze,0.0,0.05719921104536489,-0.0019723865877712033,0.0,-0.0019723865877712033,0.0,0.0
IRV,0.0,0.05719921104536489,-0.0019723865877712033,0.0,-0.0019723865877712033,0.0,0.0
