,Borda,plurality,gt,minimax,gtd,Schulze,IRV
Borda,0.0,-0.009140767824497258,0.038391224862888484,0.0,-0.009140767824497258,0.0,-0.009140767824497258
plurality,0.009140767824497258,0.0,-0.016453382084095063,0.009140767824497258,0.0,0.009140767824497258,0.0
gt,-0.038391224862888484,0.016453382084095063,0.0,-0.038391224862888484,0.016453382084095063,-0.038391224862888484,0.016453382084095063
minimax,0.0,-0.009140767824497258,0.038391224862888484,0.0,-0.009140767824497258,0.0,-0.009140767824497258
gtd,0.009140767824497258,0.0,-0.016453382084095063,0.009140767824497258,0.0,0.009140767824497258,0.0
Schulze,0.0,-0.009140767824497258,0.038391224862888484,0.0,-0.009140767824497258,0.0,-0.009140767824497258
IRV,0.009140767824497258,0.0,-0.016453382084095063,0.009140767824497258,0.0,0.009140767824497258,0.0
