,Borda,plurality,gt,minimax,gtd,Schulze,IRV
Borda,0.0,-0.002148997134670487,-0.002148997134670487,0.0,-0.002148997134670487,0.0,0.01504297994269341
plurality,0.002148997134670487,0.0,0.0,0.002148997134670487,0.0,0.002148997134670487,-0.009312320916905445
gt,0.002148997134670487,0.0,0.0,0.002148997134670487,0.0,0.002148997134670487,-0.009312320916905445
minimax,0.0,-0.002148997134670487,-0.002148997134670487,0.0,-0.002148997134670487,0.0,0.01504297994269341
gtd,0.002148997134670487,0.0,0.0,0.002148997134670487,0.0,0.002148997134670487,-0.009312320916905445
Schulze,0.0,-0.002148997134670487,-0.002148997134670487,0.0,-0.002148997134670487,0.0,0.01504297994269341
IRV,-0.01504297994269341,0.009312320916905445,0.009312320916905445,-0.01504297994269341,0.009312320916905445,-0.01504297994269341,0.0
