,Borda,plurality,gt,minimax,gtd,Schulze,IRV
Borda,0.0,0.043478260869565216,-0.0011750881316098707,0.0,-0.0011750881316098707,0.0,0.0
plurality,-0.043478260869565216,0.0,0.010575793184488837,-0.043478260869565216,0.010575793184488837,-0.043478260869565216,-0.043478260869565216
gt,0.0011750881316098707,-0.010575793184488837,0.0,0.0011750881316098707,0.0,0.0011750881316098707,0.0011750881316098707
minimax,0.0,0.043478260869565216,-0.0011750881316098707,0.0,-0.0011750881316098707,0.0,0.0
gtd,0.0011750881316098707,-0.010575793184488837,0.0,0.0011750881316098707,0.0,0.0011750881316098707,0.0011750881316098707
Schulze,0.0,0.043478260869565216,-0.0011750881316098707,0.0,-0.0011750881316098707,0.0,0.0
IRV,0.0,0.043478260869565216,-0.0011750881316098707,0.0,-0.0011750881316098707,0.0,0.0
