,Borda,plurality,gt,minimax,gtd,Schulze,IRV
Borda,0.0,0.04405286343612335,0.04405286343612335,0.0,-0.013215859030837005,0.0,0.04405286343612335
plurality,-0.04405286343612335,0.0,0.0,-0.04405286343612335,0.01762114537444934,-0.04405286343612335,0.0
gt,-0.04405286343612335,0.0,0.0,-0.04405286343612335,0.01762114537444934,-0.04405286343612335,0.0
minimax,0.0,0.04405286343612335,0.04405286343612335,0.0,-0.013215859030837005,0.0,0.04405286343612335
gtd,0.013215859030837005,-0.01762114537444934,-0.01762114537444934,0.013215859030837005,0.0,0.013215859030837005,-0.01762114537444934
Schulze,0.0,0.04405286343612335,0.04405286343612335,0.0,-0.013215859030837005,0.0,0.04405286343612335
IRV,-0.04405286343612335,0.0,0.0,-0.04405286343612335,0.01762114537444934,-0.04405286343612335,0.0
