,Borda,plurality,gt,minimax,gtd,Schulze,IRV
Borda,0.0,0.0,0.037383177570093455,-0.02336448598130841,-0.02336448598130841,-0.02336448598130841,-0.02336448598130841
plurality,0.0,0.0,0.037383177570093455,-0.02336448598130841,-0.02336448598130841,-0.02336448598130841,-0.02336448598130841
gt,-0.037383177570093455,-0.037383177570093455,0.0,0.014018691588785047,0.014018691588785047,0.014018691588785047,0.014018691588785047
minimax,0.02336448598130841,0.02336448598130841,-0.014018691588785047,0.0,0.0,0.0,0.0
gtd,0.02336448598130841,0.02336448598130841,-0.014018691588785047,0.0,0.0,0.0,0.0
Schulze,0.02336448598130841,0.02336448598130841,-0.014018691588785047,0.0,0.0,0.0,0.0
IRV,0.02336448598130841,0.02336448598130841,-0.014018691588785047,0.0,0.0,0.0,0.0
