,Borda,plurality,gt,minimax,gtd,Schulze,IRV
Borda,0.0,-0.008347245409015025,0.01001669449081803,-0.008347245409015025,-0.008347245409015025,-0.008347245409015025,0.01001669449081803
plurality,0.008347245409015025,0.0,-0.00667779632721202,0.0,0.0,0.0,-0.00667779632721202
gt,-0.01001669449081803,0.00667779632721202,0.0,0.00667779632721202,0.00667779632721202,0.00667779632721202,0.0
minimax,0.008347245409015025,0.0,-0.00667779632721202,0.0,0.0,0.0,-0.00667779632721202
gtd,0.008347245409015025,0.0,-0.00667779632721202,0.0,0.0,0.0,-0.00667779632721202
Schulze,0.008347245409015025,0.0,-0.00667779632721202,0.0,0.0,0.0,-0.00667779632721202
IRV,-0.01001669449081803,0.00667779632721202,0.0,0.00667779632721202,0.00667779632721202,0.00667779632721202,0.0
