,Borda,plurality,gt,minimax,gtd,Schulze,IRV
Borda,0.0,0.06284454244762955,-0.023153252480705624,-0.023153252480705624,-0.023153252480705624,-0.023153252480705624,0.06284454244762955
plurality,-0.06284454244762955,0.0,0.0011025358324145535,0.0011025358324145535,0.0011025358324145535,0.0011025358324145535,0.0
gt,0.023153252480705624,-0.0011025358324145535,0.0,0.0,0.0,0.0,-0.0011025358324145535
minimax,0.023153252480705624,-0.0011025358324145535,0.0,0.0,0.0,0.0,-0.0011025358324145535
gtd,0.023153252480705624,-0.0011025358324145535,0.0,0.0,0.0,0.0,-0.0011025358324145535
Schulze,0.023153252480705624,-0.0011025358324145535,0.0,0.0,0.0,0.0,-0.0011025358324145535
IRV,-0.06284454244762955,0.0,0.0011025358324145535,0.0011025358324145535,0.0011025358324145535,0.0011025358324145535,0.0
