,Borda,plurality,gt,minimax,gtd,Schulze,IRV
Borda,0.0,0.0,0.018115942028985508,0.0,-0.0036231884057971015,0.0,-0.0036231884057971015
plurality,0.0,0.0,0.018115942028985508,0.0,-0.0036231884057971015,0.0,-0.0036231884057971015
gt,-0.018115942028985508,-0.018115942028985508,0.0,-0.018115942028985508,0.014492753623188406,-0.018115942028985508,0.014492753623188406
minimax,0.0,0.0,0.018115942028985508,0.0,-0.0036231884057971015,0.0,-0.0036231884057971015
gtd,0.0036231884057971015,0.0036231884057971015,-0.014492753623188406,0.0036231884057971015,0.0,0.0036231884057971015,0.0
Schulze,0.0,0.0,0.018115942028985508,0.0,-0.0036231884057971015,0.0,-0.0036231884057971015
IRV,0.0036231884057971015,0.0036231884057971015,-0.014492753623188406,0.0036231884057971015,0.0,0.0036231884057971015,0.0
