,Borda,plurality,gt,minimax,gtd,Schulze,IRV
Borda,0.0,0.03969754253308128,-0.00945179584120983,0.0,-0.00945179584120983,0.0,0.0
plurality,-0.03969754253308128,0.0,0.017013232514177693,-0.03969754253308128,0.017013232514177693,-0.03969754253308128,-0.03969754253308128
gt,0.00945179584120983,-0.017013232514177693,0.0,0.00945179584120983,0.0,0.00945179584120983,0.00945179584120983
minimax,0.0,0.03969754253308128,-0.00945179584120983,0.0,-0.00945179584120983,0.0,0.0
gtd,0.00945179584120983,-0.017013232514177693,0.0,0.00945179584120983,0.0,0.00945179584120983,0.00945179584120983
Schulze,0.0,0.03969754253308128,-0.00945179584120983,0.0,-0.00945179584120983,0.0,0.0
IRV,0.0,0.03969754253308128,-0.00945179584120983,0.0,-0.00945179584120983,0.0,0.0
