,Borda,plurality,gt,minimax,gtd,Schulze,IRV
Borda,0.0,0.02695035460992908,-0.0070921985815602835,0.0,-0.0070921985815602835,0.0,0.0
plurality,-0.02695035460992908,0.0,0.015602836879432624,-0.02695035460992908,0.015602836879432624,-0.02695035460992908,-0.02695035460992908
gt,0.0070921985815602835,-0.015602836879432624,0.0,0.0070921985815602835,0.0,0.0070921985815602835,0.0070921985815602835
minimax,0.0,0.02695035460992908,-0.0070921985815602835,0.0,-0.0070921985815602835,0.0,0.0
gtd,0.0070921985815602835,-0.015602836879432624,0.0,0.0070921985815602835,0.0,0.0070921985815602835,0.0070921985815602835
Schulze,0.0,0.02695035460992908,-0.0070921985815602835,0.0,-0.0070921985815602835,0.0,0.0
IRV,0.0,0.02695035460992908,-0.0070921985815602835,0.0,-0.0070921985815602835,0.0,0.0
