,Borda,plurality,gt,minimax,gtd,Schulze,IRV
Borda,0.0,0.03505154639175258,-0.02268041237113402,-0.02268041237113402,-0.02268041237113402,-0.02268041237113402,0.03505154639175258
plurality,-0.03505154639175258,0.0,0.01443298969072165,0.01443298969072165,0.01443298969072165,0.01443298969072165,0.0
gt,0.02268041237113402,-0.01443298969072165,0.0,0.0,0.0,0.0,-0.01443298969072165
minimax,0.02268041237113402,-0.01443298969072165,0.0,0.0,0.0,0.0,-0.01443298969072165
gtd,0.02268041237113402,-0.01443298969072165,0.0,0.0,0.0,0.0,-0.01443298969072165
Schulze,0.02268041237113402,-0.01443298969072165,0.0,0.0,0.0,0.0,-0.01443298969072165
IRV,-0.03505154639175258,0.0,0.01443298969072165,0.01443298969072165,0.01443298969072165,0.01443298969072165,0.0
