,Borda,plurality,gt,minimax,gtd,Schulze,IRV
Borda,0.0,0.05597964376590331,-0.005089058524173028,0.0,-0.005089058524173028,0.0,0.0
plurality,-0.05597964376590331,0.0,0.022900763358778626,-0.05597964376590331,0.022900763358778626,-0.05597964376590331,-0.05597964376590331
gt,0.005089058524173028,-0.022900763358778626,0.0,0.005089058524173028,0.0,0.005089058524173028,0.005089058524173028
minimax,0.0,0.05597964376590331,-0.005089058524173028,0.0,-0.005089058524173028,0.0,0.0
gtd,0.005089058524173028,-0.022900763358778626,0.0,0.005089058524173028,0.0,0.005089058524173028,0.005089058524173028
Schulze,0.0,0.05597964376590331,-0.005089058524173028,0.0,-0.005089058524173028,0.0,0.0
IRV,0.0,0.05597964376590331,-0.005089058524173028,0.0,-0.005089058524173028,0.0,0.0
