,Borda,plurality,gt,minimax,gtd,Schulze,IRV
Borda,0.0,0.027932960893854747,0.027932960893854747,0.0,-0.00558659217877095,0.0,0.027932960893854747
plurality,-0.027932960893854747,0.0,0.0,-0.027932960893854747,0.0223463687150838,-0.027932960893854747,0.0
gt,-0.027932960893854747,0.0,0.0,-0.027932960893854747,0.0223463687150838,-0.027932960893854747,0.0
minimax,0.0,0.027932960893854747,0.027932960893854747,0.0,-0.00558659217877095,0.0,0.027932960893854747
gtd,0.00558659217877095,-0.0223463687150838,-0.0223463687150838,0.00558659217877095,0.0,0.00558659217877095,-0.0223463687150838
Schulze,0.0,0.027932960893854747,0.027932960893854747,0.0,-0.00558659217877095,0.0,0.027932960893854747
IRV,-0.027932960893854747,0.0,0.0,-0.027932960893854747,0.0223463687150838,-0.027932960893854747,0.0
