,Borda,plurality,gt,minimax,gtd,Schulze,IRV
Borda,0.0,0.02425876010781671,0.0,0.0,-0.013477088948787063,0.0,0.02425876010781671
plurality,-0.02425876010781671,0.0,-0.02425876010781671,-0.02425876010781671,0.018867924528301886,-0.02425876010781671,0.0
gt,0.0,0.02425876010781671,0.0,0.0,-0.013477088948787063,0.0,0.02425876010781671
minimax,0.0,0.02425876010781671,0.0,0.0,-0.013477088948787063,0.0,0.02425876010781671
gtd,0.013477088948787063,-0.018867924528301886,0.013477088948787063,0.013477088948787063,0.0,0.013477088948787063,-0.018867924528301886
Schulze,0.0,0.02425876010781671,0.0,0.0,-0.013477088948787063,0.0,0.02425876010781671
IRV,-0.02425876010781671,0.0,-0.02425876010781671,-0.02425876010781671,0.018867924528301886,-0.02425876010781671,0.0
