,Borda,plurality,gt,minimax,gtd,Schulze,IRV
Borda,0.0,-0.010067114093959731,-0.010067114093959731,0.0,-0.010067114093959731,0.0,0.02348993288590604
plurality,0.010067114093959731,0.0,0.0,0.010067114093959731,0.0,0.010067114093959731,-0.020134228187919462
gt,0.010067114093959731,0.0,0.0,0.010067114093959731,0.0,0.010067114093959731,-0.020134228187919462
minimax,0.0,-0.010067114093959731,-0.010067114093959731,0.0,-0.010067114093959731,0.0,0.02348993288590604
gtd,0.010067114093959731,0.0,0.0,0.010067114093959731,0.0,0.010067114093959731,-0.020134228187919462
Schulze,0.0,-0.010067114093959731,-0.010067114093959731,0.0,-0.010067114093959731,0.0,0.02348993288590604
IRV,-0.02348993288590604,0.020134228187919462,0.020134228187919462,-0.02348993288590604,0.020134228187919462,-0.02348993288590604,0.0
