,Borda,plurality,gt,minimax,gtd,Schulze,IRV
Borda,0.0,0.0502283105022831,-0.0213089802130898,-0.0213089802130898,-0.0213089802130898,-0.0213089802130898,0.0
plurality,-0.0502283105022831,0.0,0.0136986301369863,0.0136986301369863,0.0136986301369863,0.0136986301369863,-0.0502283105022831
gt,0.0213089802130898,-0.0136986301369863,0.0,0.0,0.0,0.0,0.0213089802130898
minimax,0.0213089802130898,-0.0136986301369863,0.0,0.0,0.0,0.0,0.0213089802130898
gtd,0.0213089802130898,-0.0136986301369863,0.0,0.0,0.0,0.0,0.0213089802130898
Schulze,0.0213089802130898,-0.0136986301369863,0.0,0.0,0.0,0.0,0.0213089802130898
IRV,0.0,0.0502283105022831,-0.0213089802130898,-0.0213089802130898,-0.0213089802130898,-0.0213089802130898,0.0
