,Borda,plurality,gt,minimax,gtd,Schulze,IRV
Borda,0.0,-0.016602809706257982,0.05491698595146871,-0.016602809706257982,-0.016602809706257982,-0.016602809706257982,0.05491698595146871
plurality,0.016602809706257982,0.0,-0.0038314176245210726,0.0,0.0,0.0,-0.0038314176245210726
gt,-0.05491698595146871,0.0038314176245210726,0.0,0.0038314176245210726,0.0038314176245210726,0.0038314176245210726,0.0
minimax,0.016602809706257982,0.0,-0.0038314176245210726,0.0,0.0,0.0,-0.0038314176245210726
gtd,0.016602809706257982,0.0,-0.0038314176245210726,0.0,0.0,0.0,-0.0038314176245210726
Schulze,0.016602809706257982,0.0,-0.0038314176245210726,0.0,0.0,0.0,-0.0038314176245210726
IRV,-0.05491698595146871,0.0038314176245210726,0.0,0.0038314176245210726,0.0038314176245210726,0.0038314176245210726,0.0
