,Borda,plurality,gt,minimax,gtd,Schulze,IRV
Borda,0.0,0.052316890881913304,-0.0343796711509716,-0.0343796711509716,-0.0343796711509716,-0.0343796711509716,0.0
plurality,-0.052316890881913304,0.0,0.01943198804185351,0.01943198804185351,0.01943198804185351,0.01943198804185351,-0.052316890881913304
gt,0.0343796711509716,-0.01943198804185351,0.0,0.0,0.0,0.0,0.0343796711509716
minimax,0.0343796711509716,-0.01943198804185351,0.0,0.0,0.0,0.0,0.0343796711509716
gtd,0.0343796711509716,-0.01943198804185351,0.0,0.0,0.0,0.0,0.0343796711509716
Schulze,0.0343796711509716,-0.01943198804185351,0.0,0.0,0.0,0.0,0.0343796711509716
IRV,0.0,0.052316890881913304,-0.0343796711509716,-0.0343796711509716,-0.0343796711509716,-0.0343796711509716,0.0
