,Borda,plurality,gt,minimax,gtd,Schulze,IRV
Borda,0.0,-0.006228373702422145,0.010380622837370242,0.0,-0.006228373702422145,0.0,-0.006228373702422145
plurality,0.006228373702422145,0.0,-0.008996539792387544,0.006228373702422145,0.0,0.006228373702422145,0.0
gt,-0.010380622837370242,0.008996539792387544,0.0,-0.010380622837370242,0.008996539792387544,-0.010380622837370242,0.008996539792387544
minimax,0.0,-0.006228373702422145,0.010380622837370242,0.0,-0.006228373702422145,0.0,-0.006228373702422145
gtd,0.006228373702422145,0.0,-0.008996539792387544,0.006228373702422145,0.0,0.006228373702422145,0.0
Schulze,0.0,-0.006228373702422145,0.010380622837370242,0.0,-0.006228373702422145,0.0,-0.006228373702422145
IRV,0.006228373702422145,0.0,-0.008996539792387544,0.006228373702422145,0.0,0.006228373702422145,0.0
