,Borda,plurality,gt,minimax,gtd,Schulze,IRV
Borda,0.0,-0.006789524733268671,-0.006789524733268671,0.0,-0.006789524733268671,0.0,0.028128031037827354
plurality,0.006789524733268671,0.0,0.0,0.006789524733268671,0.0,0.006789524733268671,-0.026188166828322017
gt,0.006789524733268671,0.0,0.0,0.006789524733268671,0.0,0.006789524733268671,-0.026188166828322017
minimax,0.0,-0.006789524733268671,-0.006789524733268671,0.0,-0.006789524733268671,0.0,0.028128031037827354
gtd,0.006789524733268671,0.0,0.0,0.006789524733268671,0.0,0.006789524733268671,-0.026188166828322017
Schulze,0.0,-0.006789524733268671,-0.006789524733268671,0.0,-0.006789524733268671,0.0,0.028128031037827354
IRV,-0.028128031037827354,0.026188166828322017,0.026188166828322017,-0.028128031037827354,0.026188166828322017,-0.028128031037827354,0.0
