,Borda,plurality,gt,minimax,gtd,Schulze,IRV
Borda,0.0,-0.0074962518740629685,0.049475262368815595,0.0,-0.0074962518740629685,0.0,-0.0074962518740629685
plurality,0.0074962518740629685,0.0,-0.022488755622188907,0.0074962518740629685,0.0,0.0074962518740629685,0.0
gt,-0.049475262368815595,0.022488755622188907,0.0,-0.049475262368815595,0.022488755622188907,-0.049475262368815595,0.022488755622188907
minimax,0.0,-0.0074962518740629685,0.049475262368815595,0.0,-0.0074962518740629685,0.0,-0.0074962518740629685
gtd,0.0074962518740629685,0.0,-0.022488755622188907,0.0074962518740629685,0.0,0.0074962518740629685,0.0
Schulze,0.0,-0.0074962518740629685,0.049475262368815595,0.0,-0.0074962518740629685,0.0,-0.0074962518740629685
IRV,0.0074962518740629685,0.0,-0.022488755622188907,0.0074962518740629685,0.0,0.0074962518740629685,0.0
