,Borda,plurality,gt,minimax,gtd,Schulze,IRV
Borda,0.0,-0.012096774193548387,0.04435483870967742,-0.012096774193548387,-0.012096774193548387,-0.012096774193548387,0.04435483870967742
plurality,0.012096774193548387,0.0,-0.008064516129032258,0.0,0.0,0.0,-0.008064516129032258
gt,-0.04435483870967742,0.008064516129032258,0.0,0.008064516129032258,0.008064516129032258,0.008064516129032258,0.0
minimax,0.012096774193548387,0.0,-0.008064516129032258,0.0,0.0,0.0,-0.008064516129032258
gtd,0.012096774193548387,0.0,-0.008064516129032258,0.0,0.0,0.0,-0.008064516129032258
Schulze,0.012096774193548387,0.0,-0.008064516129032258,0.0,0.0,0.0,-0.008064516129032258
IRV,-0.04435483870967742,0.008064516129032258,0.0,0.008064516129032258,0.008064516129032258,0.008064516129032258,0.0
