,Borda,plurality,gt,minimax,gtd,Schulze,IRV
Borda,0.0,0.033773861967694566,-0.013215859030837005,-0.013215859030837005,-0.013215859030837005,-0.013215859030837005,0.033773861967694566
plurality,-0.033773861967694566,0.0,0.010279001468428781,0.010279001468428781,0.010279001468428781,0.010279001468428781,0.0
gt,0.013215859030837005,-0.010279001468428781,0.0,0.0,0.0,0.0,-0.010279001468428781
minimax,0.013215859030837005,-0.010279001468428781,0.0,0.0,0.0,0.0,-0.010279001468428781
gtd,0.013215859030837005,-0.010279001468428781,0.0,0.0,0.0,0.0,-0.010279001468428781
Schulze,0.013215859030837005,-0.010279001468428781,0.0,0.0,0.0,0.0,-0.010279001468428781
IRV,-0.033773861967694566,0.0,0.010279001468428781,0.010279001468428781,0.010279001468428781,0.010279001468428781,0.0
