,Borda,plurality,gt,minimax,gtd,Schulze,IRV
Borda,0.0,0.03225806451612903,-0.014336917562724014,0.0,0.0,0.0,0.03225806451612903
plurality,-0.03225806451612903,0.0,0.035842293906810034,-0.03225806451612903,-0.03225806451612903,-0.03225806451612903,0.0
gt,0.014336917562724014,-0.035842293906810034,0.0,0.014336917562724014,0.014336917562724014,0.014336917562724014,-0.035842293906810034
minimax,0.0,0.03225806451612903,-0.014336917562724014,0.0,0.0,0.0,0.03225806451612903
gtd,0.0,0.03225806451612903,-0.014336917562724014,0.0,0.0,0.0,0.03225806451612903
Schulze,0.0,0.03225806451612903,-0.014336917562724014,0.0,0.0,0.0,0.03225806451612903
IRV,-0.03225806451612903,0.0,0.035842293906810034,-0.03225806451612903,-0.03225806451612903,-0.03225806451612903,0.0
