,Borda,plurality,gt,minimax,gtd,Schulze,IRV
Borda,0.0,0.0,0.021848739495798318,-0.005042016806722689,-0.005042016806722689,-0.005042016806722689,-0.005042016806722689
plurality,0.0,0.0,0.021848739495798318,-0.005042016806722689,-0.005042016806722689,-0.005042016806722689,-0.005042016806722689
gt,-0.021848739495798318,-0.021848739495798318,0.0,0.0016806722689075631,0.0016806722689075631,0.0016806722689075631,0.0016806722689075631
minimax,0.005042016806722689,0.005042016806722689,-0.0016806722689075631,0.0,0.0,0.0,0.0
gtd,0.005042016806722689,0.005042016806722689,-0.0016806722689075631,0.0,0.0,0.0,0.0
Schulze,0.005042016806722689,0.005042016806722689,-0.0016806722689075631,0.0,0.0,0.0,0.0
IRV,0.005042016806722689,0.005042016806722689,-0.0016806722689075631,0.0,0.0,0.0,0.0
