,Borda,plurality,gt,minimax,gtd,Schulze,IRV
Borda,0.0,-0.01664145234493192,0.0680786686838124,0.0,-0.01664145234493192,0.0,-0.01664145234493192
plurality,0.01664145234493192,0.0,-0.028744326777609682,0.01664145234493192,0.0,0.01664145234493192,0.0
gt,-0.0680786686838124,0.028744326777609682,0.0,-0.0680786686838124,0.028744326777609682,-0.0680786686838124,0.028744326777609682
minimax,0.0,-0.01664145234493192,0.0680786686838124,0.0,-0.01664145234493192,0.0,-0.01664145234493192
gtd,0.01664145234493192,0.0,-0.028744326777609682,0.01664145234493192,0.0,0.01664145234493192,0.0
Schulze,0.0,-0.01664145234493192,0.0680786686838124,0.0,-0.01664145234493192,0.0,-0.01664145234493192
IRV,0.01664145234493192,0.0,-0.028744326777609682,0.01664145234493192,0.0,0.01664145234493192,0.0
