,Borda,plurality,gt,minimax,gtd,Schulze,IRV
Borda,0.0,0.029462738301559793,-0.012131715771230503,0.0,0.0,0.0,0.029462738301559793
plurality,-0.029462738301559793,0.0,0.03986135181975736,-0.029462738301559793,-0.029462738301559793,-0.029462738301559793,0.0
gt,0.012131715771230503,-0.03986135181975736,0.0,0.012131715771230503,0.012131715771230503,0.012131715771230503,-0.03986135181975736
minimax,0.0,0.029462738301559793,-0.012131715771230503,0.0,0.0,0.0,0.029462738301559793
gtd,0.0,0.029462738301559793,-0.012131715771230503,0.0,0.0,0.0,0.029462738301559793
Schulze,0.0,0.029462738301559793,-0.012131715771230503,0.0,0.0,0.0,0.029462738301559793
IRV,-0.029462738301559793,0.0,0.03986135181975736,-0.029462738301559793,-0.029462738301559793,-0.029462738301559793,0.0
