,Borda,plurality,gt,minimax,gtd,Schulze,IRV
Borda,0.0,0.012181616832779624,0.012181616832779624,0.0,-0.005537098560354375,0.0,0.012181616832779624
plurality,-0.012181616832779624,0.0,0.0,-0.012181616832779624,0.007751937984496124,-0.012181616832779624,0.0
gt,-0.012181616832779624,0.0,0.0,-0.012181616832779624,0.007751937984496124,-0.012181616832779624,0.0
minimax,0.0,0.012181616832779624,0.012181616832779624,0.0,-0.005537098560354375,0.0,0.012181616832779624
gtd,0.005537098560354375,-0.007751937984496124,-0.007751937984496124,0.005537098560354375,0.0,0.005537098560354375,-0.007751937984496124
Schulze,0.0,0.012181616832779624,0.012181616832779624,0.0,-0.005537098560354375,0.0,0.012181616832779624
IRV,-0.012181616832779624,0.0,0.0,-0.012181616832779624,0.007751937984496124,-0.012181616832779624,0.0
