,Borda,plurality,gt,minimax,gtd,Schulze,IRV
Borda,0.0,0.03336921420882669,-0.013993541442411194,-0.013993541442411194,-0.013993541442411194,-0.013993541442411194,0.03336921420882669
plurality,-0.03336921420882669,0.0,0.005382131324004306,0.005382131324004306,0.005382131324004306,0.005382131324004306,0.0
gt,0.013993541442411194,-0.005382131324004306,0.0,0.0,0.0,0.0,-0.005382131324004306
minimax,0.013993541442411194,-0.005382131324004306,0.0,0.0,0.0,0.0,-0.005382131324004306
gtd,0.013993541442411194,-0.005382131324004306,0.0,0.0,0.0,0.0,-0.005382131324004306
Schulze,0.013993541442411194,-0.005382131324004306,0.0,0.0,0.0,0.0,-0.005382131324004306
IRV,-0.03336921420882669,0.0,0.005382131324004306,0.005382131324004306,0.005382131324004306,0.005382131324004306,0.0
