,Borda,plurality,gt,minimax,gtd,Schulze,IRV
Borda,0.0,-0.00463678516228748,-0.00463678516228748,0.0,-0.00463678516228748,0.0,0.04173106646058733
plurality,0.00463678516228748,0.0,0.0,0.00463678516228748,0.0,0.00463678516228748,-0.02627511591962906
gt,0.00463678516228748,0.0,0.0,0.00463678516228748,0.0,0.00463678516228748,-0.02627511591962906
minimax,0.0,-0.00463678516228748,-0.00463678516228748,0.0,-0.00463678516228748,0.0,0.04173106646058733
gtd,0.00463678516228748,0.0,0.0,0.00463678516228748,0.0,0.00463678516228748,-0.02627511591962906
Schulze,0.0,-0.00463678516228748,-0.00463678516228748,0.0,-0.00463678516228748,0.0,0.04173106646058733
IRV,-0.04173106646058733,0.02627511591962906,0.02627511591962906,-0.04173106646058733,0.02627511591962906,-0.04173106646058733,0.0
