,Borda,plurality,gt,minimax,gtd,Schulze,IRV
Borda,0.0,-0.012807881773399015,0.0187192118226601,0.0,0.0,0.0,0.0187192118226601
plurality,0.012807881773399015,0.0,-0.024630541871921183,0.012807881773399015,0.012807881773399015,0.012807881773399015,-0.024630541871921183
gt,-0.0187192118226601,0.024630541871921183,0.0,-0.0187192118226601,-0.0187192118226601,-0.0187192118226601,0.0
minimax,0.0,-0.012807881773399015,0.0187192118226601,0.0,0.0,0.0,0.0187192118226601
gtd,0.0,-0.012807881773399015,0.0187192118226601,0.0,0.0,0.0,0.0187192118226601
Schulze,0.0,-0.012807881773399015,0.0187192118226601,0.0,0.0,0.0,0.0187192118226601
IRV,-0.0187192118226601,0.024630541871921183,0.0,-0.0187192118226601,-0.0187192118226601,-0.0187192118226601,0.0
