,Borda,plurality,gt,minimax,gtd,Schulze,IRV
Borda,0.0,0.028011204481792718,0.028011204481792718,0.0,-0.0028011204481792717,0.0,0.0
plurality,-0.028011204481792718,0.0,0.0,-0.028011204481792718,0.025210084033613446,-0.028011204481792718,-0.028011204481792718
gt,-0.028011204481792718,0.0,0.0,-0.028011204481792718,0.025210084033613446,-0.028011204481792718,-0.028011204481792718
minimax,0.0,0.028011204481792718,0.028011204481792718,0.0,-0.0028011204481792717,0.0,0.0
gtd,0.0028011204481792717,-0.025210084033613446,-0.025210084033613446,0.0028011204481792717,0.0,0.0028011204481792717,0.0028011204481792717
Schulze,0.0,0.028011204481792718,0.028011204481792718,0.0,-0.0028011204481792717,0.0,0.0
IRV,0.0,0.028011204481792718,0.028011204481792718,0.0,-0.0028011204481792717,0.0,0.0
