,Borda,plurality,gt,minimax,gtd,Schulze,IRV
Borda,0.0,0.017013232514177693,-0.005671077504725898,0.0,0.0,0.0,0.017013232514177693
plurality,-0.017013232514177693,0.0,0.02835538752362949,-0.017013232514177693,-0.017013232514177693,-0.017013232514177693,0.0
gt,0.005671077504725898,-0.02835538752362949,0.0,0.005671077504725898,0.005671077504725898,0.005671077504725898,-0.02835538752362949
minimax,0.0,0.017013232514177693,-0.005671077504725898,0.0,0.0,0.0,0.017013232514177693
gtd,0.0,0.017013232514177693,-0.005671077504725898,0.0,0.0,0.0,0.017013232514177693
Schulze,0.0,0.017013232514177693,-0.005671077504725898,0.0,0.0,0.0,0.017013232514177693
IRV,-0.017013232514177693,0.0,0.02835538752362949,-0.017013232514177693,-0.017013232514177693,-0.017013232514177693,0.0
