,Borda,plurality,gt,minimax,gtd,Schulze,IRV
Borda,0.0,0.0,0.02830188679245283,-0.009433962264150943,-0.009433962264150943,-0.009433962264150943,-0.009433962264150943
plurality,0.0,0.0,0.02830188679245283,-0.009433962264150943,-0.009433962264150943,-0.009433962264150943,-0.009433962264150943
gt,-0.02830188679245283,-0.02830188679245283,0.0,0.006289308176100629,0.006289308176100629,0.006289308176100629,0.006289308176100629
minimax,0.009433962264150943,0.009433962264150943,-0.006289308176100629,0.0,0.0,0.0,0.0
gtd,0.009433962264150943,0.009433962264150943,-0.006289308176100629,0.0,0.0,0.0,0.0
Schulze,0.009433962264150943,0.009433962264150943,-0.006289308176100629,0.0,0.0,0.0,0.0
IRV,0.009433962264150943,0.009433962264150943,-0.006289308176100629,0.0,0.0,0.0,0.0
