,Borda,plurality,gt,minimax,gtd,Schulze,IRV
Borda,0.0,-0.004484304932735426,-0.004484304932735426,0.0,-0.004484304932735426,0.0,0.02242152466367713
plurality,0.004484304932735426,0.0,0.0,0.004484304932735426,0.0,0.004484304932735426,-0.017937219730941704
gt,0.004484304932735426,0.0,0.0,0.004484304932735426,0.0,0.004484304932735426,-0.017937219730941704
minimax,0.0,-0.004484304932735426,-0.004484304932735426,0.0,-0.004484304932735426,0.0,0.02242152466367713
gtd,0.004484304932735426,0.0,0.0,0.004484304932735426,0.0,0.004484304932735426,-0.017937219730941704
Schulze,0.0,-0.004484304932735426,-0.004484304932735426,0.0,-0.004484304932735426,0.0,0.02242152466367713
IRV,-0.02242152466367713,0.017937219730941704,0.017937219730941704,-0.02242152466367713,0.017937219730941704,-0.02242152466367713,0.0
