,Borda,plurality,gt,minimax,gtd,Schulze,IRV
Borda,0.0,0.029354207436399216,-0.021526418786692758,-0.021526418786692758,-0.021526418786692758,-0.021526418786692758,0.0
plurality,-0.029354207436399216,0.0,0.01761252446183953,0.01761252446183953,0.01761252446183953,0.01761252446183953,-0.029354207436399216
gt,0.021526418786692758,-0.01761252446183953,0.0,0.0,0.0,0.0,0.021526418786692758
minimax,0.021526418786692758,-0.01761252446183953,0.0,0.0,0.0,0.0,0.021526418786692758
gtd,0.021526418786692758,-0.01761252446183953,0.0,0.0,0.0,0.0,0.021526418786692758
Schulze,0.021526418786692758,-0.01761252446183953,0.0,0.0,0.0,0.0,0.021526418786692758
IRV,0.0,0.029354207436399216,-0.021526418786692758,-0.021526418786692758,-0.021526418786692758,-0.021526418786692758,0.0
