,Borda,plurality,gt,minimax,gtd,Schulze,IRV
Borda,0.0,0.03854389721627409,-0.019271948608137045,-0.019271948608137045,-0.019271948608137045,-0.019271948608137045,0.03854389721627409
plurality,-0.03854389721627409,0.0,0.014989293361884369,0.014989293361884369,0.014989293361884369,0.014989293361884369,0.0
gt,0.019271948608137045,-0.014989293361884369,0.0,0.0,0.0,0.0,-0.014989293361884369
minimax,0.019271948608137045,-0.014989293361884369,0.0,0.0,0.0,0.0,-0.014989293361884369
gtd,0.019271948608137045,-0.014989293361884369,0.0,0.0,0.0,0.0,-0.014989293361884369
Schulze,0.019271948608137045,-0.014989293361884369,0.0,0.0,0.0,0.0,-0.014989293361884369
IRV,-0.03854389721627409,0.0,0.014989293361884369,0.014989293361884369,0.014989293361884369,0.014989293361884369,0.0
