,Borda,plurality,gt,minimax,gtd,Schulze,IRV
Borda,0.0,-0.006622516556291391,0.0,0.0,-0.006622516556291391,0.0,0.016556291390728478
plurality,0.006622516556291391,0.0,0.006622516556291391,0.006622516556291391,0.0,0.006622516556291391,-0.013245033112582781
gt,0.0,-0.006622516556291391,0.0,0.0,-0.006622516556291391,0.0,0.016556291390728478
minimax,0.0,-0.006622516556291391,0.0,0.0,-0.006622516556291391,0.0,0.016556291390728478
gtd,0.006622516556291391,0.0,0.006622516556291391,0.006622516556291391,0.0,0.006622516556291391,-0.013245033112582781
Schulze,0.0,-0.006622516556291391,0.0,0.0,-0.006622516556291391,0.0,0.016556291390728478
IRV,-0.016556291390728478,0.013245033112582781,-0.016556291390728478,-0.016556291390728478,0.013245033112582781,-0.016556291390728478,0.0
