,Borda,plurality,gt,minimax,gtd,Schulze,IRV
Borda,0.0,0.041758241758241756,-0.002197802197802198,0.0,-0.002197802197802198,0.0,0.0
plurality,-0.041758241758241756,0.0,0.006593406593406593,-0.041758241758241756,0.006593406593406593,-0.041758241758241756,-0.041758241758241756
gt,0.002197802197802198,-0.006593406593406593,0.0,0.002197802197802198,0.0,0.002197802197802198,0.002197802197802198
minimax,0.0,0.041758241758241756,-0.002197802197802198,0.0,-0.002197802197802198,0.0,0.0
gtd,0.002197802197802198,-0.006593406593406593,0.0,0.002197802197802198,0.0,0.002197802197802198,0.002197802197802198
Schulze,0.0,0.041758241758241756,-0.002197802197802198,0.0,-0.002197802197802198,0.0,0.0
IRV,0.0,0.041758241758241756,-0.002197802197802198,0.0,-0.002197802197802198,0.0,0.0
