,Borda,plurality,gt,minimax,gtd,Schulze,IRV
Borda,10000.0,9218.0,5952.0,7222.0,6122.0,7222.0,6474.0
plurality,9218.0,10000.0,5309.0,6459.0,5411.0,6459.0,5806.0
gt,5952.0,5309.0,10000.0,8426.0,8929.0,8426.0,8800.0
minimax,7222.0,6459.0,8426.0,10000.0,8900.0,10000.0,9117.0
gtd,6122.0,5411.0,8929.0,8900.0,10000.0,8900.0,9569.0
Schulze,7222.0,6459.0,8426.0,10000.0,8900.0,10000.0,9117.0
IRV,6474.0,5806.0,8800.0,9117.0,9569.0,9117.0,10000.0
