,Borda,plurality,gt,minimax,gtd,Schulze,IRV
Borda,10000.0,3290.0,8681.0,8682.0,8692.0,8682.0,6888.0
plurality,3290.0,10000.0,3938.0,3939.0,3934.0,3939.0,4593.0
gt,8681.0,3938.0,10000.0,9910.0,9926.0,9910.0,7620.0
minimax,8682.0,3939.0,9910.0,10000.0,9919.0,10000.0,7625.0
gtd,8692.0,3934.0,9926.0,9919.0,10000.0,9919.0,7632.0
Schulze,8682.0,3939.0,9910.0,10000.0,9919.0,10000.0,7625.0
IRV,6888.0,4593.0,7620.0,7625.0,7632.0,7625.0,10000.0
