,Borda,plurality,gt,minimax,gtd,Schulze,IRV
Borda,0.0,45110.0,-4688.0,-10754.0,-15220.0,-10754.0,18210.0
plurality,-45110.0,0.0,-27570.0,-33250.0,-28644.0,-33250.0,-68876.0
gt,4688.0,27570.0,0.0,72.0,146.0,72.0,14798.0
minimax,10754.0,33250.0,-72.0,0.0,-4466.0,0.0,25594.0
gtd,15220.0,28644.0,-146.0,4466.0,0.0,4466.0,20366.0
Schulze,10754.0,33250.0,-72.0,0.0,-4466.0,0.0,25594.0
IRV,-18210.0,68876.0,-14798.0,-25594.0,-20366.0,-25594.0,0.0
