,Borda,plurality,gt,minimax,gtd,Schulze,IRV
Borda,10000.0,5672.0,7293.0,7905.0,7302.0,7950.0,6966.0
plurality,5672.0,10000.0,5408.0,5627.0,5461.0,5633.0,6053.0
gt,7293.0,5408.0,10000.0,8615.0,8955.0,8630.0,7698.0
minimax,7905.0,5627.0,8615.0,10000.0,8817.0,9929.0,7824.0
gtd,7302.0,5461.0,8955.0,8817.0,10000.0,8836.0,7950.0
Schulze,7950.0,5633.0,8630.0,9929.0,8836.0,10000.0,7831.0
IRV,6966.0,6053.0,7698.0,7824.0,7950.0,7831.0,10000.0
