,Borda,plurality,gt,minimax,gtd,Schulze,IRV
Borda,10000.0,1412.0,5754.0,6451.0,6145.0,6463.0,2265.0
plurality,1412.0,10000.0,1756.0,1699.0,1776.0,1701.0,2579.0
gt,5754.0,1756.0,10000.0,7659.0,8270.0,7675.0,2454.0
minimax,6451.0,1699.0,7659.0,10000.0,8177.0,9940.0,2432.0
gtd,6145.0,1776.0,8270.0,8177.0,10000.0,8190.0,2503.0
Schulze,6463.0,1701.0,7675.0,9940.0,8190.0,10000.0,2434.0
IRV,2265.0,2579.0,2454.0,2432.0,2503.0,2434.0,10000.0
