,Borda,plurality,gt,minimax,gtd,Schulze,IRV
Borda,10000.0,9313.0,9330.0,9358.0,9373.0,9358.0,9345.0
plurality,9313.0,10000.0,8985.0,8993.0,9006.0,8993.0,8991.0
gt,9330.0,8985.0,10000.0,9861.0,9876.0,9861.0,9856.0
minimax,9358.0,8993.0,9861.0,10000.0,9883.0,10000.0,9971.0
gtd,9373.0,9006.0,9876.0,9883.0,10000.0,9883.0,9882.0
Schulze,9358.0,8993.0,9861.0,10000.0,9883.0,10000.0,9971.0
IRV,9345.0,8991.0,9856.0,9971.0,9882.0,9971.0,10000.0
