,Borda,plurality,gt,minimax,gtd,Schulze,IRV
Borda,0.0,19844.0,-3152.0,-6600.0,-7922.0,-6950.0,1144.0
plurality,-19844.0,0.0,-19686.0,-23508.0,-23844.0,-23702.0,-22436.0
gt,3152.0,19686.0,0.0,-192.0,322.0,-340.0,4776.0
minimax,6600.0,23508.0,192.0,0.0,-2490.0,-130.0,5872.0
gtd,7922.0,23844.0,-322.0,2490.0,0.0,2548.0,6640.0
Schulze,6950.0,23702.0,340.0,130.0,-2548.0,0.0,6012.0
IRV,-1144.0,22436.0,-4776.0,-5872.0,-6640.0,-6012.0,0.0