,Borda,plurality,gt,minimax,gtd,Schulze,IRV
Borda,10000.0,1609.0,6051.0,6824.0,6278.0,6848.0,2771.0
plurality,1609.0,10000.0,1886.0,1835.0,1899.0,1838.0,3096.0
gt,6051.0,1886.0,10000.0,7683.0,8159.0,7694.0,2830.0
minimax,6824.0,1835.0,7683.0,10000.0,8222.0,9911.0,2870.0
gtd,6278.0,1899.0,8159.0,8222.0,10000.0,8241.0,2907.0
Schulze,6848.0,1838.0,7694.0,9911.0,8241.0,10000.0,2874.0
IRV,2771.0,3096.0,2830.0,2870.0,2907.0,2874.0,10000.0
