,Borda,plurality,gt,minimax,gtd,Schulze,IRV
Borda,0.0,4880.0,-3258.0,-3340.0,-3350.0,-3340.0,-1376.0
plurality,-4880.0,0.0,-8138.0,-8220.0,-8230.0,-8220.0,-6256.0
gt,3258.0,8138.0,0.0,16.0,6.0,16.0,1882.0
minimax,3340.0,8220.0,-16.0,0.0,-10.0,0.0,1964.0
gtd,3350.0,8230.0,-6.0,10.0,0.0,10.0,1974.0
Schulze,3340.0,8220.0,-16.0,0.0,-10.0,0.0,1964.0
IRV,1376.0,6256.0,-1882.0,-1964.0,-1974.0,-1964.0,0.0
