,Borda,plurality,gt,minimax,gtd,Schulze,IRV
Borda,10000.0,1498.0,5773.0,6631.0,6026.0,6669.0,2388.0
plurality,1498.0,10000.0,1698.0,1696.0,1755.0,1707.0,2795.0
gt,5773.0,1698.0,10000.0,7461.0,8098.0,7472.0,2509.0
minimax,6631.0,1696.0,7461.0,10000.0,8063.0,9887.0,2584.0
gtd,6026.0,1755.0,8098.0,8063.0,10000.0,8064.0,2580.0
Schulze,6669.0,1707.0,7472.0,9887.0,8064.0,10000.0,2592.0
IRV,2388.0,2795.0,2509.0,2584.0,2580.0,2592.0,10000.0
