,Borda,plurality,gt,minimax,gtd,Schulze,IRV
Borda,0.0,814952.0,-60534.0,-92372.0,-116168.0,-95212.0,529070.0
plurality,-814952.0,0.0,-765522.0,-806186.0,-788194.0,-809324.0,-449526.0
gt,60534.0,765522.0,0.0,8144.0,-114.0,6440.0,487770.0
minimax,92372.0,806186.0,-8144.0,0.0,-39034.0,-1162.0,548356.0
gtd,116168.0,788194.0,114.0,39034.0,0.0,40504.0,523472.0
Schulze,95212.0,809324.0,-6440.0,1162.0,-40504.0,0.0,550410.0
IRV,-529070.0,449526.0,-487770.0,-548356.0,-523472.0,-550410.0,0.0
