,Borda,plurality,gt,minimax,gtd,Schulze,IRV
Borda,10000.0,1880.0,6194.0,7066.0,6404.0,7095.0,3084.0
plurality,1880.0,10000.0,1986.0,2024.0,2063.0,2022.0,3263.0
gt,6194.0,1986.0,10000.0,7648.0,8256.0,7676.0,3128.0
minimax,7066.0,2024.0,7648.0,10000.0,8161.0,9880.0,3205.0
gtd,6404.0,2063.0,8256.0,8161.0,10000.0,8199.0,3182.0
Schulze,7095.0,2022.0,7676.0,9880.0,8199.0,10000.0,3206.0
IRV,3084.0,3263.0,3128.0,3205.0,3182.0,3206.0,10000.0
