,Borda,plurality,gt,minimax,gtd,Schulze,IRV
Borda,0.0,3116.0,-1692.0,-15140.0,-28594.0,-15140.0,14208.0
plurality,-3116.0,0.0,-7088.0,-11468.0,-14682.0,-11468.0,-7176.0
gt,1692.0,7088.0,0.0,102.0,658.0,102.0,7850.0
minimax,15140.0,11468.0,-102.0,0.0,-13454.0,0.0,10062.0
gtd,28594.0,14682.0,-658.0,13454.0,0.0,13454.0,8730.0
Schulze,15140.0,11468.0,-102.0,0.0,-13454.0,0.0,10062.0
IRV,-14208.0,7176.0,-7850.0,-10062.0,-8730.0,-10062.0,0.0
