,Borda,plurality,gt,minimax,gtd,Schulze,IRV
Borda,10000.0,6237.0,7297.0,7895.0,7500.0,7906.0,6883.0
plurality,6237.0,10000.0,6563.0,6888.0,6752.0,6890.0,7313.0
gt,7297.0,6563.0,10000.0,8656.0,8904.0,8672.0,7897.0
minimax,7895.0,6888.0,8656.0,10000.0,9007.0,9954.0,8054.0
gtd,7500.0,6752.0,8904.0,9007.0,10000.0,9017.0,8166.0
Schulze,7906.0,6890.0,8672.0,9954.0,9017.0,10000.0,8060.0
IRV,6883.0,7313.0,7897.0,8054.0,8166.0,8060.0,10000.0
