,Borda,plurality,gt,minimax,gtd,Schulze,IRV
Borda,10000.0,1793.0,5994.0,6807.0,6242.0,6833.0,2776.0
plurality,1793.0,10000.0,2032.0,2052.0,2096.0,2059.0,3167.0
gt,5994.0,2032.0,10000.0,7591.0,8091.0,7607.0,2968.0
minimax,6807.0,2052.0,7591.0,10000.0,8172.0,9914.0,3055.0
gtd,6242.0,2096.0,8091.0,8172.0,10000.0,8199.0,3039.0
Schulze,6833.0,2059.0,7607.0,9914.0,8199.0,10000.0,3068.0
IRV,2776.0,3167.0,2968.0,3055.0,3039.0,3068.0,10000.0
