,Borda,plurality,gt,minimax,gtd,Schulze,IRV
Borda,0.0,306900.0,-21754.0,-34996.0,-44894.0,-35788.0,187822.0
plurality,-306900.0,0.0,-288716.0,-306440.0,-299368.0,-307360.0,-177032.0
gt,21754.0,288716.0,0.0,122.0,50.0,-402.0,173824.0
minimax,34996.0,306440.0,-122.0,0.0,-15232.0,-404.0,197846.0
gtd,44894.0,299368.0,-50.0,15232.0,0.0,15568.0,186546.0
Schulze,35788.0,307360.0,402.0,404.0,-15568.0,0.0,199298.0
IRV,-187822.0,177032.0,-173824.0,-197846.0,-186546.0,-199298.0,0.0
