,Borda,plurality,gt,minimax,gtd,Schulze,IRV
Borda,0.0,-58032.0,-59092.0,-59138.0,-59148.0,-59138.0,-59148.0
plurality,58032.0,0.0,-1128.0,-1106.0,-1116.0,-1106.0,-1116.0
gt,59092.0,1128.0,0.0,-46.0,12.0,-46.0,12.0
minimax,59138.0,1106.0,46.0,0.0,-10.0,0.0,-10.0
gtd,59148.0,1116.0,-12.0,10.0,0.0,10.0,0.0
Schulze,59138.0,1106.0,46.0,0.0,-10.0,0.0,-10.0
IRV,59148.0,1116.0,-12.0,10.0,0.0,10.0,0.0
