,Borda,plurality,gt,minimax,gtd,Schulze,IRV
Borda,10000.0,10000.0,9988.0,9987.0,9991.0,9987.0,9987.0
plurality,10000.0,10000.0,9988.0,9987.0,9991.0,9987.0,9987.0
gt,9988.0,9988.0,10000.0,9999.0,9997.0,9999.0,9999.0
minimax,9987.0,9987.0,9999.0,10000.0,9996.0,10000.0,10000.0
gtd,9991.0,9991.0,9997.0,9996.0,10000.0,9996.0,9996.0
Schulze,9987.0,9987.0,9999.0,10000.0,9996.0,10000.0,10000.0
IRV,9987.0,9987.0,9999.0,10000.0,9996.0,10000.0,10000.0
