,Borda,plurality,gt,minimax,gtd,Schulze,IRV
Borda,10000.0,9998.0,9990.0,9999.0,9987.0,9999.0,9989.0
plurality,9998.0,10000.0,9988.0,9997.0,9985.0,9997.0,9987.0
gt,9990.0,9988.0,10000.0,9991.0,9993.0,9991.0,9992.0
minimax,9999.0,9997.0,9991.0,10000.0,9988.0,10000.0,9990.0
gtd,9987.0,9985.0,9993.0,9988.0,10000.0,9988.0,9996.0
Schulze,9999.0,9997.0,9991.0,10000.0,9988.0,10000.0,9990.0
IRV,9989.0,9987.0,9992.0,9990.0,9996.0,9990.0,10000.0
