,Borda,plurality,gt,minimax,gtd,Schulze,IRV
Borda,10000.0,4179.0,8750.0,8760.0,8757.0,8760.0,7553.0
plurality,4179.0,10000.0,4822.0,4823.0,4815.0,4823.0,5336.0
gt,8750.0,4822.0,10000.0,9910.0,9930.0,9910.0,8304.0
minimax,8760.0,4823.0,9910.0,10000.0,9914.0,10000.0,8302.0
gtd,8757.0,4815.0,9930.0,9914.0,10000.0,9914.0,8300.0
Schulze,8760.0,4823.0,9910.0,10000.0,9914.0,10000.0,8302.0
IRV,7553.0,5336.0,8304.0,8302.0,8300.0,8302.0,10000.0
