,Borda,plurality,gt,minimax,gtd,Schulze,IRV
Borda,0.0,780932.0,-45566.0,-47226.0,-46474.0,-47226.0,138782.0
plurality,-780932.0,0.0,-822386.0,-823276.0,-822630.0,-823276.0,-674884.0
gt,45566.0,822386.0,0.0,-104.0,28.0,-104.0,184166.0
minimax,47226.0,823276.0,104.0,0.0,-818.0,0.0,185646.0
gtd,46474.0,822630.0,-28.0,818.0,0.0,818.0,184378.0
Schulze,47226.0,823276.0,104.0,0.0,-818.0,0.0,185646.0
IRV,-138782.0,674884.0,-184166.0,-185646.0,-184378.0,-185646.0,0.0
