,Borda,plurality,gt,minimax,gtd,Schulze,IRV
Borda,0.0,574630.0,-47462.0,-60684.0,-78760.0,-61738.0,388664.0
plurality,-574630.0,0.0,-579138.0,-608938.0,-607380.0,-609888.0,-353192.0
gt,47462.0,579138.0,0.0,3952.0,1804.0,3382.0,374548.0
minimax,60684.0,608938.0,-3952.0,0.0,-25022.0,-476.0,414550.0
gtd,78760.0,607380.0,-1804.0,25022.0,0.0,25356.0,403508.0
Schulze,61738.0,609888.0,-3382.0,476.0,-25356.0,0.0,415266.0
IRV,-388664.0,353192.0,-374548.0,-414550.0,-403508.0,-415266.0,0.0
