,Borda,plurality,gt,minimax,gtd,Schulze,IRV
Borda,10000.0,9996.0,9993.0,9994.0,9992.0,9994.0,9996.0
plurality,9996.0,10000.0,9991.0,9992.0,9990.0,9992.0,10000.0
gt,9993.0,9991.0,10000.0,9999.0,9998.0,9999.0,9991.0
minimax,9994.0,9992.0,9999.0,10000.0,9998.0,10000.0,9992.0
gtd,9992.0,9990.0,9998.0,9998.0,10000.0,9998.0,9990.0
Schulze,9994.0,9992.0,9999.0,10000.0,9998.0,10000.0,9992.0
IRV,9996.0,10000.0,9991.0,9992.0,9990.0,9992.0,10000.0
