,Borda,plurality,gt,minimax,gtd,Schulze,IRV
Borda,10000.0,7920.0,9443.0,9451.0,9443.0,9451.0,9145.0
plurality,7920.0,10000.0,8338.0,8346.0,8343.0,8346.0,8546.0
gt,9443.0,8338.0,10000.0,9971.0,9973.0,9971.0,9644.0
minimax,9451.0,8346.0,9971.0,10000.0,9978.0,10000.0,9652.0
gtd,9443.0,8343.0,9973.0,9978.0,10000.0,9978.0,9650.0
Schulze,9451.0,8346.0,9971.0,10000.0,9978.0,10000.0,9652.0
IRV,9145.0,8546.0,9644.0,9652.0,9650.0,9652.0,10000.0
