,Borda,plurality,gt,minimax,gtd,Schulze,IRV
Borda,10000.0,5440.0,8887.0,8898.0,8896.0,8898.0,8102.0
plurality,5440.0,10000.0,6125.0,6127.0,6119.0,6127.0,6595.0
gt,8887.0,6125.0,10000.0,9925.0,9934.0,9925.0,8898.0
minimax,8898.0,6127.0,9925.0,10000.0,9928.0,10000.0,8903.0
gtd,8896.0,6119.0,9934.0,9928.0,10000.0,9928.0,8889.0
Schulze,8898.0,6127.0,9925.0,10000.0,9928.0,10000.0,8903.0
IRV,8102.0,6595.0,8898.0,8903.0,8889.0,8903.0,10000.0
