,Borda,plurality,gt,minimax,gtd,Schulze,IRV
Borda,0.0,460784.0,-44720.0,-45508.0,-45086.0,-45508.0,60908.0
plurality,-460784.0,0.0,-501776.0,-502718.0,-502246.0,-502718.0,-415124.0
gt,44720.0,501776.0,0.0,-16.0,-24.0,-16.0,105042.0
minimax,45508.0,502718.0,16.0,0.0,-552.0,0.0,105880.0
gtd,45086.0,502246.0,24.0,552.0,0.0,552.0,105110.0
Schulze,45508.0,502718.0,16.0,0.0,-552.0,0.0,105880.0
IRV,-60908.0,415124.0,-105042.0,-105880.0,-105110.0,-105880.0,0.0
