,Borda,plurality,gt,minimax,gtd,Schulze,IRV
Borda,10000.0,5824.0,8420.0,8855.0,8932.0,8855.0,7563.0
plurality,5824.0,10000.0,5985.0,6069.0,6004.0,6069.0,6895.0
gt,8420.0,5985.0,10000.0,9057.0,9156.0,9057.0,7833.0
minimax,8855.0,6069.0,9057.0,10000.0,9377.0,10000.0,8191.0
gtd,8932.0,6004.0,9156.0,9377.0,10000.0,9377.0,7969.0
Schulze,8855.0,6069.0,9057.0,10000.0,9377.0,10000.0,8191.0
IRV,7563.0,6895.0,7833.0,8191.0,7969.0,8191.0,10000.0
