,Borda,plurality,gt,minimax,gtd,Schulze,IRV
Borda,10000.0,9997.0,9987.0,9984.0,9988.0,9984.0,9990.0
plurality,9997.0,10000.0,9985.0,9982.0,9986.0,9982.0,9987.0
gt,9987.0,9985.0,10000.0,9997.0,9997.0,9997.0,9993.0
minimax,9984.0,9982.0,9997.0,10000.0,9994.0,10000.0,9994.0
gtd,9988.0,9986.0,9997.0,9994.0,10000.0,9994.0,9992.0
Schulze,9984.0,9982.0,9997.0,10000.0,9994.0,10000.0,9994.0
IRV,9990.0,9987.0,9993.0,9994.0,9992.0,9994.0,10000.0
