,Borda,plurality,gt,minimax,gtd,Schulze,IRV
Borda,10000.0,2780.0,6455.0,7211.0,7001.0,7246.0,3996.0
plurality,2780.0,10000.0,3074.0,3120.0,3159.0,3127.0,4401.0
gt,6455.0,3074.0,10000.0,7813.0,8099.0,7831.0,4270.0
minimax,7211.0,3120.0,7813.0,10000.0,8604.0,9895.0,4380.0
gtd,7001.0,3159.0,8099.0,8604.0,10000.0,8632.0,4412.0
Schulze,7246.0,3127.0,7831.0,9895.0,8632.0,10000.0,4387.0
IRV,3996.0,4401.0,4270.0,4380.0,4412.0,4387.0,10000.0
