,Borda,plurality,gt,minimax,gtd,Schulze,IRV
Borda,0.0,68538.0,-5364.0,-9802.0,-12136.0,-10404.0,37144.0
plurality,-68538.0,0.0,-65474.0,-70396.0,-69398.0,-70704.0,-44234.0
gt,5364.0,65474.0,0.0,150.0,-30.0,-58.0,36508.0
minimax,9802.0,70396.0,-150.0,0.0,-3664.0,-240.0,41466.0
gtd,12136.0,69398.0,30.0,3664.0,0.0,3748.0,40768.0
Schulze,10404.0,70704.0,58.0,240.0,-3748.0,0.0,41692.0
IRV,-37144.0,44234.0,-36508.0,-41466.0,-40768.0,-41692.0,0.0
