,Borda,plurality,gt,minimax,gtd,Schulze,IRV
Borda,1000.0,417.0,616.0,718.0,645.0,719.0,579.0
plurality,417.0,1000.0,361.0,369.0,369.0,372.0,446.0
gt,616.0,361.0,1000.0,771.0,809.0,771.0,639.0
minimax,718.0,369.0,771.0,1000.0,830.0,992.0,648.0
gtd,645.0,369.0,809.0,830.0,1000.0,832.0,657.0
Schulze,719.0,372.0,771.0,992.0,832.0,1000.0,653.0
IRV,579.0,446.0,639.0,648.0,657.0,653.0,1000.0
