,Borda,plurality,gt,minimax,gtd,Schulze,IRV
Borda,0.0,225464.0,-15304.0,-27214.0,-34338.0,-28104.0,138500.0
plurality,-225464.0,0.0,-212320.0,-227034.0,-222524.0,-227416.0,-130798.0
gt,15304.0,212320.0,0.0,554.0,110.0,188.0,128910.0
minimax,27214.0,227034.0,-554.0,0.0,-12030.0,-398.0,148070.0
gtd,34338.0,222524.0,-110.0,12030.0,0.0,11940.0,139106.0
Schulze,28104.0,227416.0,-188.0,398.0,-11940.0,0.0,148660.0
IRV,-138500.0,130798.0,-128910.0,-148070.0,-139106.0,-148660.0,0.0
