,Borda,plurality,gt,minimax,gtd,Schulze,IRV
Borda,0.0,113736.0,-3702.0,-6254.0,-7582.0,-6254.0,30614.0
plurality,-113736.0,0.0,-111662.0,-112824.0,-112122.0,-112824.0,-101514.0
gt,3702.0,111662.0,0.0,-244.0,76.0,-244.0,31432.0
minimax,6254.0,112824.0,244.0,0.0,-1328.0,0.0,33996.0
gtd,7582.0,112122.0,-76.0,1328.0,0.0,1328.0,31340.0
Schulze,6254.0,112824.0,244.0,0.0,-1328.0,0.0,33996.0
IRV,-30614.0,101514.0,-31432.0,-33996.0,-31340.0,-33996.0,0.0
