,Borda,plurality,gt,minimax,gtd,Schulze,IRV
Borda,0.0,36576.0,-3522.0,-6354.0,-8286.0,-6638.0,20110.0
plurality,-36576.0,0.0,-33578.0,-37836.0,-37270.0,-38058.0,-23624.0
gt,3522.0,33578.0,0.0,296.0,-82.0,224.0,18856.0
minimax,6354.0,37836.0,-296.0,0.0,-2664.0,-164.0,22618.0
gtd,8286.0,37270.0,82.0,2664.0,0.0,2732.0,22530.0
Schulze,6638.0,38058.0,-224.0,164.0,-2732.0,0.0,22840.0
IRV,-20110.0,23624.0,-18856.0,-22618.0,-22530.0,-22840.0,0.0
