,Borda,plurality,gt,minimax,gtd,Schulze,IRV
Borda,10000.0,2598.0,7334.0,7896.0,7360.0,7920.0,4395.0
plurality,2598.0,10000.0,2802.0,2828.0,2823.0,2829.0,4315.0
gt,7334.0,2802.0,10000.0,8673.0,9025.0,8689.0,4582.0
minimax,7896.0,2828.0,8673.0,10000.0,8936.0,9952.0,4660.0
gtd,7360.0,2823.0,9025.0,8936.0,10000.0,8951.0,4651.0
Schulze,7920.0,2829.0,8689.0,9952.0,8951.0,10000.0,4659.0
IRV,4395.0,4315.0,4582.0,4660.0,4651.0,4659.0,10000.0
