,Borda,plurality,gt,minimax,gtd,Schulze,IRV
Borda,0.0,39188.0,-3782.0,-6698.0,-9098.0,-6992.0,22236.0
plurality,-39188.0,0.0,-36424.0,-40104.0,-40794.0,-40302.0,-25136.0
gt,3782.0,36424.0,0.0,576.0,92.0,442.0,20794.0
minimax,6698.0,40104.0,-576.0,0.0,-2930.0,-98.0,24530.0
gtd,9098.0,40794.0,-92.0,2930.0,0.0,2922.0,24744.0
Schulze,6992.0,40302.0,-442.0,98.0,-2922.0,0.0,24724.0
IRV,-22236.0,25136.0,-20794.0,-24530.0,-24744.0,-24724.0,0.0
