,Borda,plurality,gt,minimax,gtd,Schulze,IRV
Borda,10000.0,8303.0,8494.0,8455.0,8529.0,8455.0,8422.0
plurality,8303.0,10000.0,9803.0,9841.0,9767.0,9841.0,9871.0
gt,8494.0,9803.0,10000.0,9957.0,9960.0,9957.0,9926.0
minimax,8455.0,9841.0,9957.0,10000.0,9922.0,10000.0,9966.0
gtd,8529.0,9767.0,9960.0,9922.0,10000.0,9922.0,9890.0
Schulze,8455.0,9841.0,9957.0,10000.0,9922.0,10000.0,9966.0
IRV,8422.0,9871.0,9926.0,9966.0,9890.0,9966.0,10000.0
