,Borda,plurality,gt,minimax,gtd,Schulze,IRV
Borda,0.0,-10504.0,-11318.0,-11334.0,-11342.0,-11334.0,-11130.0
plurality,10504.0,0.0,-716.0,-762.0,-704.0,-762.0,-548.0
gt,11318.0,716.0,0.0,-16.0,12.0,-16.0,136.0
minimax,11334.0,762.0,16.0,0.0,-8.0,0.0,182.0
gtd,11342.0,704.0,-12.0,8.0,0.0,8.0,124.0
Schulze,11334.0,762.0,16.0,0.0,-8.0,0.0,182.0
IRV,11130.0,548.0,-136.0,-182.0,-124.0,-182.0,0.0
