,Borda,plurality,gt,minimax,gtd,Schulze,IRV
Borda,10000.0,7882.0,8327.0,8583.0,8347.0,8584.0,8024.0
plurality,7882.0,10000.0,8657.0,8831.0,8674.0,8831.0,8933.0
gt,8327.0,8657.0,10000.0,9493.0,9626.0,9491.0,9162.0
minimax,8583.0,8831.0,9493.0,10000.0,9584.0,9996.0,9165.0
gtd,8347.0,8674.0,9626.0,9584.0,10000.0,9583.0,9292.0
Schulze,8584.0,8831.0,9491.0,9996.0,9583.0,10000.0,9165.0
IRV,8024.0,8933.0,9162.0,9165.0,9292.0,9165.0,10000.0
