,Borda,plurality,gt,minimax,gtd,Schulze,IRV
Borda,0.0,26220.0,-2042.0,-3580.0,-4174.0,-3662.0,10118.0
plurality,-26220.0,0.0,-25076.0,-27074.0,-27166.0,-27150.0,-20892.0
gt,2042.0,25076.0,0.0,-8.0,20.0,-72.0,10290.0
minimax,3580.0,27074.0,8.0,0.0,-1044.0,-42.0,12456.0
gtd,4174.0,27166.0,-20.0,1044.0,0.0,1030.0,12254.0
Schulze,3662.0,27150.0,72.0,42.0,-1030.0,0.0,12534.0
IRV,-10118.0,20892.0,-10290.0,-12456.0,-12254.0,-12534.0,0.0
