,Borda,plurality,gt,minimax,gtd,Schulze,IRV
Borda,1000.0,940.0,946.0,951.0,947.0,951.0,942.0
plurality,940.0,1000.0,983.0,989.0,985.0,989.0,987.0
gt,946.0,983.0,1000.0,994.0,998.0,994.0,993.0
minimax,951.0,989.0,994.0,1000.0,996.0,1000.0,991.0
gtd,947.0,985.0,998.0,996.0,1000.0,996.0,995.0
Schulze,951.0,989.0,994.0,1000.0,996.0,1000.0,991.0
IRV,942.0,987.0,993.0,991.0,995.0,991.0,1000.0
