,Borda,plurality,gt,minimax,gtd,Schulze,IRV
Borda,0.0,-7792.0,-8272.0,-8616.0,-9154.0,-8616.0,-8154.0
plurality,7792.0,0.0,-1458.0,-824.0,-1362.0,-824.0,-1140.0
gt,8272.0,1458.0,0.0,634.0,96.0,634.0,1096.0
minimax,8616.0,824.0,-634.0,0.0,-538.0,0.0,462.0
gtd,9154.0,1362.0,-96.0,538.0,0.0,538.0,1000.0
Schulze,8616.0,824.0,-634.0,0.0,-538.0,0.0,462.0
IRV,8154.0,1140.0,-1096.0,-462.0,-1000.0,-462.0,0.0
