,Borda,plurality,gt,minimax,gtd,Schulze,IRV
Borda,10000.0,3560.0,8298.0,8367.0,8431.0,8367.0,6135.0
plurality,3560.0,10000.0,4474.0,4481.0,4428.0,4481.0,5636.0
gt,8298.0,4474.0,10000.0,9655.0,9679.0,9655.0,7086.0
minimax,8367.0,4481.0,9655.0,10000.0,9740.0,10000.0,7176.0
gtd,8431.0,4428.0,9679.0,9740.0,10000.0,9740.0,7075.0
Schulze,8367.0,4481.0,9655.0,10000.0,9740.0,10000.0,7176.0
IRV,6135.0,5636.0,7086.0,7176.0,7075.0,7176.0,10000.0
