,Borda,plurality,gt,minimax,gtd,Schulze,IRV
Borda,10000.0,1298.0,5436.0,6141.0,5884.0,6149.0,2092.0
plurality,1298.0,10000.0,1554.0,1567.0,1689.0,1569.0,2423.0
gt,5436.0,1554.0,10000.0,7378.0,7958.0,7381.0,2200.0
minimax,6141.0,1567.0,7378.0,10000.0,8067.0,9957.0,2251.0
gtd,5884.0,1689.0,7958.0,8067.0,10000.0,8064.0,2332.0
Schulze,6149.0,1569.0,7381.0,9957.0,8064.0,10000.0,2255.0
IRV,2092.0,2423.0,2200.0,2251.0,2332.0,2255.0,10000.0
