,Borda,plurality,gt,minimax,gtd,Schulze,IRV
Borda,10000.0,1710.0,6137.0,6794.0,6466.0,6820.0,2693.0
plurality,1710.0,10000.0,2024.0,1994.0,2078.0,1991.0,2950.0
gt,6137.0,2024.0,10000.0,7855.0,8430.0,7872.0,2869.0
minimax,6794.0,1994.0,7855.0,10000.0,8381.0,9922.0,2903.0
gtd,6466.0,2078.0,8430.0,8381.0,10000.0,8392.0,2925.0
Schulze,6820.0,1991.0,7872.0,9922.0,8392.0,10000.0,2902.0
IRV,2693.0,2950.0,2869.0,2903.0,2925.0,2902.0,10000.0
