,Borda,plurality,gt,minimax,gtd,Schulze,IRV
Borda,0.0,451120.0,-29876.0,-49158.0,-59052.0,-51022.0,278004.0
plurality,-451120.0,0.0,-420782.0,-450348.0,-436284.0,-451562.0,-257904.0
gt,29876.0,420782.0,0.0,1236.0,520.0,282.0,256334.0
minimax,49158.0,450348.0,-1236.0,0.0,-21468.0,-866.0,290736.0
gtd,59052.0,436284.0,-520.0,21468.0,0.0,22068.0,274492.0
Schulze,51022.0,451562.0,-282.0,866.0,-22068.0,0.0,292586.0
IRV,-278004.0,257904.0,-256334.0,-290736.0,-274492.0,-292586.0,0.0
