,Borda,plurality,gt,minimax,gtd,Schulze,IRV
Borda,10000.0,2115.0,6454.0,7286.0,6644.0,7312.0,3402.0
plurality,2115.0,10000.0,2271.0,2311.0,2307.0,2320.0,3680.0
gt,6454.0,2271.0,10000.0,7958.0,8464.0,7986.0,3503.0
minimax,7286.0,2311.0,7958.0,10000.0,8426.0,9886.0,3604.0
gtd,6644.0,2307.0,8464.0,8426.0,10000.0,8454.0,3582.0
Schulze,7312.0,2320.0,7986.0,9886.0,8454.0,10000.0,3620.0
IRV,3402.0,3680.0,3503.0,3604.0,3582.0,3620.0,10000.0
