,Borda,plurality,gt,minimax,gtd,Schulze,IRV
Borda,0.0,-29482.0,-1816.0,-15048.0,-33058.0,-15048.0,-33188.0
plurality,29482.0,0.0,-1180.0,14678.0,-3214.0,14678.0,-4588.0
gt,1816.0,1180.0,0.0,-372.0,-24.0,-372.0,136.0
minimax,15048.0,-14678.0,372.0,0.0,-18010.0,0.0,-18434.0
gtd,33058.0,3214.0,24.0,18010.0,0.0,18010.0,-766.0
Schulze,15048.0,-14678.0,372.0,0.0,-18010.0,0.0,-18434.0
IRV,33188.0,4588.0,-136.0,18434.0,766.0,18434.0,0.0
