,Borda,plurality,gt,minimax,gtd,Schulze,IRV
Borda,10000.0,4608.0,6647.0,6822.0,6884.0,6822.0,5384.0
plurality,4608.0,10000.0,7029.0,6964.0,6834.0,6964.0,8240.0
gt,6647.0,7029.0,10000.0,9252.0,9328.0,9252.0,8093.0
minimax,6822.0,6964.0,9252.0,10000.0,9376.0,10000.0,8187.0
gtd,6884.0,6834.0,9328.0,9376.0,10000.0,9376.0,7934.0
Schulze,6822.0,6964.0,9252.0,10000.0,9376.0,10000.0,8187.0
IRV,5384.0,8240.0,8093.0,8187.0,7934.0,8187.0,10000.0
