,Borda,plurality,gt,minimax,gtd,Schulze,IRV
Borda,0.0,25352.0,-14272.0,-17230.0,-18342.0,-17230.0,2876.0
plurality,-25352.0,0.0,-23700.0,-24094.0,-23550.0,-24094.0,-10090.0
gt,14272.0,23700.0,0.0,378.0,4.0,378.0,9206.0
minimax,17230.0,24094.0,-378.0,0.0,-1112.0,0.0,10644.0
gtd,18342.0,23550.0,-4.0,1112.0,0.0,1112.0,7814.0
Schulze,17230.0,24094.0,-378.0,0.0,-1112.0,0.0,10644.0
IRV,-2876.0,10090.0,-9206.0,-10644.0,-7814.0,-10644.0,0.0
