,Borda,plurality,gt,minimax,gtd,Schulze,IRV
Borda,10000.0,7723.0,7005.0,8310.0,7180.0,8310.0,7734.0
plurality,7723.0,10000.0,5751.0,6579.0,5886.0,6579.0,8437.0
gt,7005.0,5751.0,10000.0,8357.0,8628.0,8357.0,6998.0
minimax,8310.0,6579.0,8357.0,10000.0,8840.0,10000.0,7746.0
gtd,7180.0,5886.0,8628.0,8840.0,10000.0,8840.0,7141.0
Schulze,8310.0,6579.0,8357.0,10000.0,8840.0,10000.0,7746.0
IRV,7734.0,8437.0,6998.0,7746.0,7141.0,7746.0,10000.0
