,Borda,plurality,gt,minimax,gtd,Schulze,IRV
Borda,10000.0,5921.0,8564.0,8392.0,8720.0,8392.0,7397.0
plurality,5921.0,10000.0,6874.0,6938.0,6789.0,6938.0,7414.0
gt,8564.0,6874.0,10000.0,9690.0,9699.0,9690.0,8709.0
minimax,8392.0,6938.0,9690.0,10000.0,9586.0,10000.0,8943.0
gtd,8720.0,6789.0,9699.0,9586.0,10000.0,9586.0,8605.0
Schulze,8392.0,6938.0,9690.0,10000.0,9586.0,10000.0,8943.0
IRV,7397.0,7414.0,8709.0,8943.0,8605.0,8943.0,10000.0
