,Borda,plurality,gt,minimax,gtd,Schulze,IRV
Borda,10000.0,2231.0,6897.0,7541.0,6966.0,7568.0,3705.0
plurality,2231.0,10000.0,2516.0,2504.0,2543.0,2515.0,4007.0
gt,6897.0,2516.0,10000.0,8460.0,8842.0,8480.0,3997.0
minimax,7541.0,2504.0,8460.0,10000.0,8768.0,9925.0,4036.0
gtd,6966.0,2543.0,8842.0,8768.0,10000.0,8787.0,4024.0
Schulze,7568.0,2515.0,8480.0,9925.0,8787.0,10000.0,4044.0
IRV,3705.0,4007.0,3997.0,4036.0,4024.0,4044.0,10000.0
