,Borda,plurality,gt,minimax,gtd,Schulze,IRV
Borda,10000.0,1615.0,8349.0,8352.0,8362.0,8352.0,4080.0
plurality,1615.0,10000.0,2243.0,2245.0,2238.0,2244.0,3697.0
gt,8349.0,2243.0,10000.0,9905.0,9928.0,9906.0,4814.0
minimax,8352.0,2245.0,9905.0,10000.0,9928.0,9999.0,4816.0
gtd,8362.0,2238.0,9928.0,9928.0,10000.0,9929.0,4813.0
Schulze,8352.0,2244.0,9906.0,9999.0,9929.0,10000.0,4816.0
IRV,4080.0,3697.0,4814.0,4816.0,4813.0,4816.0,10000.0
