,Borda,plurality,gt,minimax,gtd,Schulze,IRV
Borda,10000.0,3442.0,7170.0,7868.0,7618.0,7887.0,5094.0
plurality,3442.0,10000.0,3758.0,3794.0,3804.0,3809.0,5095.0
gt,7170.0,3758.0,10000.0,8354.0,8598.0,8369.0,5380.0
minimax,7868.0,3794.0,8354.0,10000.0,8986.0,9944.0,5516.0
gtd,7618.0,3804.0,8598.0,8986.0,10000.0,9000.0,5487.0
Schulze,7887.0,3809.0,8369.0,9944.0,9000.0,10000.0,5524.0
IRV,5094.0,5095.0,5380.0,5516.0,5487.0,5524.0,10000.0
