,Borda,plurality,gt,minimax,gtd,Schulze,IRV
Borda,10000.0,1667.0,5800.0,6641.0,6076.0,6669.0,2625.0
plurality,1667.0,10000.0,1937.0,1899.0,1959.0,1901.0,2970.0
gt,5800.0,1937.0,10000.0,7365.0,7966.0,7377.0,2782.0
minimax,6641.0,1899.0,7365.0,10000.0,7970.0,9906.0,2777.0
gtd,6076.0,1959.0,7966.0,7970.0,10000.0,7991.0,2787.0
Schulze,6669.0,1901.0,7377.0,9906.0,7991.0,10000.0,2780.0
IRV,2625.0,2970.0,2782.0,2777.0,2787.0,2780.0,10000.0
