,Borda,plurality,gt,minimax,gtd,Schulze,IRV
Borda,0.0,105254.0,-10212.0,-13688.0,-17990.0,-13850.0,66646.0
plurality,-105254.0,0.0,-106598.0,-112900.0,-113236.0,-113208.0,-65242.0
gt,10212.0,106598.0,0.0,1264.0,232.0,1272.0,65488.0
minimax,13688.0,112900.0,-1264.0,0.0,-5222.0,-118.0,72754.0
gtd,17990.0,113236.0,-232.0,5222.0,0.0,5230.0,72002.0
Schulze,13850.0,113208.0,-1272.0,118.0,-5230.0,0.0,72820.0
IRV,-66646.0,65242.0,-65488.0,-72754.0,-72002.0,-72820.0,0.0
