,Borda,plurality,gt,minimax,gtd,Schulze,IRV
Borda,0.0,20728.0,-1112.0,-2094.0,-2574.0,-2094.0,7260.0
plurality,-20728.0,0.0,-20300.0,-21204.0,-21386.0,-21204.0,-18194.0
gt,1112.0,20300.0,0.0,-18.0,28.0,-18.0,7274.0
minimax,2094.0,21204.0,18.0,0.0,-480.0,0.0,8326.0
gtd,2574.0,21386.0,-28.0,480.0,0.0,480.0,7940.0
Schulze,2094.0,21204.0,18.0,0.0,-480.0,0.0,8326.0
IRV,-7260.0,18194.0,-7274.0,-8326.0,-7940.0,-8326.0,0.0
