,Borda,plurality,gt,minimax,gtd,Schulze,IRV
Borda,10000.0,4120.0,7419.0,8026.0,8023.0,8038.0,5408.0
plurality,4120.0,10000.0,4587.0,4621.0,4636.0,4630.0,5963.0
gt,7419.0,4587.0,10000.0,8440.0,8594.0,8455.0,5904.0
minimax,8026.0,4621.0,8440.0,10000.0,8978.0,9964.0,6020.0
gtd,8023.0,4636.0,8594.0,8978.0,10000.0,8990.0,6030.0
Schulze,8038.0,4630.0,8455.0,9964.0,8990.0,10000.0,6028.0
IRV,5408.0,5963.0,5904.0,6020.0,6030.0,6028.0,10000.0
