,Borda,plurality,gt,minimax,gtd,Schulze,IRV
Borda,0.0,27798.0,-2596.0,-4178.0,-4998.0,-4254.0,14918.0
plurality,-27798.0,0.0,-28236.0,-29482.0,-29770.0,-29520.0,-19548.0
gt,2596.0,28236.0,0.0,22.0,-34.0,-10.0,15188.0
minimax,4178.0,29482.0,-22.0,0.0,-1042.0,-36.0,17060.0
gtd,4998.0,29770.0,34.0,1042.0,0.0,1062.0,16960.0
Schulze,4254.0,29520.0,10.0,36.0,-1062.0,0.0,17094.0
IRV,-14918.0,19548.0,-15188.0,-17060.0,-16960.0,-17094.0,0.0
