,Borda,plurality,gt,minimax,gtd,Schulze,IRV
Borda,10000.0,4812.0,6829.0,7597.0,7000.0,7650.0,6574.0
plurality,4812.0,10000.0,4464.0,4703.0,4525.0,4710.0,5159.0
gt,6829.0,4464.0,10000.0,8093.0,8543.0,8116.0,7169.0
minimax,7597.0,4703.0,8093.0,10000.0,8553.0,9903.0,7365.0
gtd,7000.0,4525.0,8543.0,8553.0,10000.0,8574.0,7479.0
Schulze,7650.0,4710.0,8116.0,9903.0,8574.0,10000.0,7389.0
IRV,6574.0,5159.0,7169.0,7365.0,7479.0,7389.0,10000.0
