,Borda,plurality,gt,minimax,gtd,Schulze,IRV
Borda,1000.0,619.0,739.0,795.0,744.0,796.0,718.0
plurality,619.0,1000.0,600.0,622.0,609.0,624.0,659.0
gt,739.0,600.0,1000.0,865.0,895.0,866.0,793.0
minimax,795.0,622.0,865.0,1000.0,895.0,996.0,801.0
gtd,744.0,609.0,895.0,895.0,1000.0,894.0,805.0
Schulze,796.0,624.0,866.0,996.0,894.0,1000.0,804.0
IRV,718.0,659.0,793.0,801.0,805.0,804.0,1000.0
