,Borda,plurality,gt,minimax,gtd,Schulze,IRV
Borda,10000.0,7682.0,9715.0,9696.0,9734.0,9696.0,9695.0
plurality,7682.0,10000.0,7436.0,7400.0,7450.0,7400.0,7399.0
gt,9715.0,7436.0,10000.0,9955.0,9947.0,9955.0,9956.0
minimax,9696.0,7400.0,9955.0,10000.0,9946.0,10000.0,9999.0
gtd,9734.0,7450.0,9947.0,9946.0,10000.0,9946.0,9947.0
Schulze,9696.0,7400.0,9955.0,10000.0,9946.0,10000.0,9999.0
IRV,9695.0,7399.0,9956.0,9999.0,9947.0,9999.0,10000.0
