,Borda,plurality,gt,minimax,gtd,Schulze,IRV
Borda,10000.0,2562.0,6794.0,7443.0,7180.0,7466.0,3941.0
plurality,2562.0,10000.0,2955.0,2977.0,3018.0,2987.0,4293.0
gt,6794.0,2955.0,10000.0,8338.0,8696.0,8350.0,4313.0
minimax,7443.0,2977.0,8338.0,10000.0,8834.0,9946.0,4389.0
gtd,7180.0,3018.0,8696.0,8834.0,10000.0,8852.0,4394.0
Schulze,7466.0,2987.0,8350.0,9946.0,8852.0,10000.0,4403.0
IRV,3941.0,4293.0,4313.0,4389.0,4394.0,4403.0,10000.0
