,Borda,plurality,gt,minimax,gtd,Schulze,IRV
Borda,0.0,147172.0,-12336.0,-16772.0,-20854.0,-17038.0,84156.0
plurality,-147172.0,0.0,-149210.0,-155430.0,-153034.0,-155534.0,-95184.0
gt,12336.0,149210.0,0.0,790.0,-44.0,560.0,84512.0
minimax,16772.0,155430.0,-790.0,0.0,-4908.0,-54.0,91904.0
gtd,20854.0,153034.0,44.0,4908.0,0.0,4876.0,89078.0
Schulze,17038.0,155534.0,-560.0,54.0,-4876.0,0.0,92094.0
IRV,-84156.0,95184.0,-84512.0,-91904.0,-89078.0,-92094.0,0.0
