,Borda,plurality,gt,minimax,gtd,Schulze,IRV
Borda,10000.0,1802.0,6247.0,7043.0,6461.0,7078.0,2947.0
plurality,1802.0,10000.0,2033.0,2054.0,2126.0,2066.0,3317.0
gt,6247.0,2033.0,10000.0,7818.0,8413.0,7832.0,3205.0
minimax,7043.0,2054.0,7818.0,10000.0,8356.0,9907.0,3202.0
gtd,6461.0,2126.0,8413.0,8356.0,10000.0,8374.0,3215.0
Schulze,7078.0,2066.0,7832.0,9907.0,8374.0,10000.0,3216.0
IRV,2947.0,3317.0,3205.0,3202.0,3215.0,3216.0,10000.0
