,Borda,plurality,gt,minimax,gtd,Schulze,IRV
Borda,10000.0,5496.0,8598.0,8656.0,8692.0,8656.0,7551.0
plurality,5496.0,10000.0,6359.0,6372.0,6326.0,6372.0,7122.0
gt,8598.0,6359.0,10000.0,9713.0,9750.0,9713.0,8484.0
minimax,8656.0,6372.0,9713.0,10000.0,9801.0,10000.0,8614.0
gtd,8692.0,6326.0,9750.0,9801.0,10000.0,9801.0,8509.0
Schulze,8656.0,6372.0,9713.0,10000.0,9801.0,10000.0,8614.0
IRV,7551.0,7122.0,8484.0,8614.0,8509.0,8614.0,10000.0
