,Borda,plurality,gt,minimax,gtd,Schulze,IRV
Borda,10000.0,1856.0,5799.0,6689.0,6224.0,6730.0,2804.0
plurality,1856.0,10000.0,2045.0,2038.0,2111.0,2046.0,3088.0
gt,5799.0,2045.0,10000.0,7357.0,7923.0,7385.0,2879.0
minimax,6689.0,2038.0,7357.0,10000.0,8069.0,9893.0,2920.0
gtd,6224.0,2111.0,7923.0,8069.0,10000.0,8097.0,2923.0
Schulze,6730.0,2046.0,7385.0,9893.0,8097.0,10000.0,2928.0
IRV,2804.0,3088.0,2879.0,2920.0,2923.0,2928.0,10000.0
