,Borda,plurality,gt,minimax,gtd,Schulze,IRV
Borda,10000.0,3815.0,6197.0,7199.0,6557.0,7249.0,5966.0
plurality,3815.0,10000.0,3319.0,3477.0,3406.0,3490.0,3985.0
gt,6197.0,3319.0,10000.0,7524.0,8011.0,7544.0,6147.0
minimax,7199.0,3477.0,7524.0,10000.0,8171.0,9864.0,6520.0
gtd,6557.0,3406.0,8011.0,8171.0,10000.0,8208.0,6523.0
Schulze,7249.0,3490.0,7544.0,9864.0,8208.0,10000.0,6534.0
IRV,5966.0,3985.0,6147.0,6520.0,6523.0,6534.0,10000.0
