,Borda,plurality,gt,minimax,gtd,Schulze,IRV
Borda,0.0,76438.0,-1298.0,-1298.0,-1310.0,-1298.0,446.0
plurality,-76438.0,0.0,-77576.0,-77586.0,-77550.0,-77586.0,-75778.0
gt,1298.0,77576.0,0.0,0.0,-12.0,0.0,1684.0
minimax,1298.0,77586.0,0.0,0.0,-12.0,0.0,1718.0
gtd,1310.0,77550.0,12.0,12.0,0.0,12.0,1650.0
Schulze,1298.0,77586.0,0.0,0.0,-12.0,0.0,1718.0
IRV,-446.0,75778.0,-1684.0,-1718.0,-1650.0,-1718.0,0.0
