,Borda,plurality,gt,minimax,gtd,Schulze,IRV
Borda,0.0,-65414.0,-38826.0,-68922.0,-74574.0,-68922.0,-54562.0
plurality,65414.0,0.0,-1106.0,-2502.0,-5372.0,-2502.0,-11160.0
gt,38826.0,1106.0,0.0,-986.0,496.0,-986.0,-148.0
minimax,68922.0,2502.0,986.0,0.0,-5652.0,0.0,-3586.0
gtd,74574.0,5372.0,-496.0,5652.0,0.0,5652.0,-3838.0
Schulze,68922.0,2502.0,986.0,0.0,-5652.0,0.0,-3586.0
IRV,54562.0,11160.0,148.0,3586.0,3838.0,3586.0,0.0
