,Borda,plurality,gt,minimax,gtd,Schulze,IRV
Borda,0.0,166704.0,-16802.0,-20196.0,-26262.0,-20504.0,107752.0
plurality,-166704.0,0.0,-169204.0,-177298.0,-177620.0,-177526.0,-99090.0
gt,16802.0,169204.0,0.0,1790.0,-788.0,1614.0,106290.0
minimax,20196.0,177298.0,-1790.0,0.0,-7086.0,-226.0,118070.0
gtd,26262.0,177620.0,788.0,7086.0,0.0,6912.0,116154.0
Schulze,20504.0,177526.0,-1614.0,226.0,-6912.0,0.0,118402.0
IRV,-107752.0,99090.0,-106290.0,-118070.0,-116154.0,-118402.0,0.0
