,Borda,plurality,gt,minimax,gtd,Schulze,IRV
Borda,0.0,21422.0,-46564.0,-55492.0,-57182.0,-55492.0,-55254.0
plurality,-21422.0,0.0,-64624.0,-76914.0,-78122.0,-76914.0,-76796.0
gt,46564.0,64624.0,0.0,18.0,12.0,18.0,188.0
minimax,55492.0,76914.0,-18.0,0.0,-1690.0,0.0,238.0
gtd,57182.0,78122.0,-12.0,1690.0,0.0,1690.0,1508.0
Schulze,55492.0,76914.0,-18.0,0.0,-1690.0,0.0,238.0
IRV,55254.0,76796.0,-188.0,-238.0,-1508.0,-238.0,0.0
