,Borda,plurality,gt,minimax,gtd,Schulze,IRV
Borda,0.0,26458.0,-4126.0,-8888.0,-11392.0,-9362.0,2394.0
plurality,-26458.0,0.0,-25600.0,-31156.0,-30564.0,-31358.0,-28908.0
gt,4126.0,25600.0,0.0,182.0,100.0,-8.0,6768.0
minimax,8888.0,31156.0,-182.0,0.0,-3902.0,-196.0,8522.0
gtd,11392.0,30564.0,-100.0,3902.0,0.0,3906.0,9218.0
Schulze,9362.0,31358.0,8.0,196.0,-3906.0,0.0,8744.0
IRV,-2394.0,28908.0,-6768.0,-8522.0,-9218.0,-8744.0,0.0
