,Borda,plurality,gt,minimax,gtd,Schulze,IRV
Borda,10000.0,7262.0,9825.0,9863.0,9845.0,9863.0,9863.0
plurality,7262.0,10000.0,7437.0,7399.0,7417.0,7399.0,7399.0
gt,9825.0,7437.0,10000.0,9962.0,9966.0,9962.0,9962.0
minimax,9863.0,7399.0,9962.0,10000.0,9982.0,10000.0,10000.0
gtd,9845.0,7417.0,9966.0,9982.0,10000.0,9982.0,9982.0
Schulze,9863.0,7399.0,9962.0,10000.0,9982.0,10000.0,10000.0
IRV,9863.0,7399.0,9962.0,10000.0,9982.0,10000.0,10000.0
