,Borda,plurality,gt,minimax,gtd,Schulze,IRV
Borda,0.0,21922.0,-2498.0,-2512.0,-2556.0,-2512.0,-2278.0
plurality,-21922.0,0.0,-24374.0,-24434.0,-24364.0,-24434.0,-24314.0
gt,2498.0,24374.0,0.0,-14.0,12.0,-14.0,232.0
minimax,2512.0,24434.0,14.0,0.0,-44.0,0.0,234.0
gtd,2556.0,24364.0,-12.0,44.0,0.0,44.0,106.0
Schulze,2512.0,24434.0,14.0,0.0,-44.0,0.0,234.0
IRV,2278.0,24314.0,-232.0,-234.0,-106.0,-234.0,0.0
