,Borda,plurality,gt,minimax,gtd,Schulze,IRV
Borda,10000.0,6315.0,8812.0,8867.0,8880.0,8867.0,8187.0
plurality,6315.0,10000.0,6960.0,6989.0,6934.0,6989.0,7434.0
gt,8812.0,6960.0,10000.0,9733.0,9730.0,9733.0,8947.0
minimax,8867.0,6989.0,9733.0,10000.0,9781.0,10000.0,9069.0
gtd,8880.0,6934.0,9730.0,9781.0,10000.0,9781.0,8948.0
Schulze,8867.0,6989.0,9733.0,10000.0,9781.0,10000.0,9069.0
IRV,8187.0,7434.0,8947.0,9069.0,8948.0,9069.0,10000.0
