,Borda,plurality,gt,minimax,gtd,Schulze,IRV
Borda,10000.0,3392.0,7828.0,8290.0,7916.0,8304.0,5346.0
plurality,3392.0,10000.0,3667.0,3649.0,3701.0,3653.0,5006.0
gt,7828.0,3667.0,10000.0,9063.0,9260.0,9072.0,5735.0
minimax,8290.0,3649.0,9063.0,10000.0,9265.0,9971.0,5772.0
gtd,7916.0,3701.0,9260.0,9265.0,10000.0,9274.0,5782.0
Schulze,8304.0,3653.0,9072.0,9971.0,9274.0,10000.0,5779.0
IRV,5346.0,5006.0,5735.0,5772.0,5782.0,5779.0,10000.0
