,Borda,plurality,gt,minimax,gtd,Schulze,IRV
Borda,0.0,509078.0,-28794.0,-39558.0,-45788.0,-40242.0,221408.0
plurality,-509078.0,0.0,-486042.0,-501288.0,-489650.0,-501016.0,-368938.0
gt,28794.0,486042.0,0.0,1944.0,274.0,1510.0,216640.0
minimax,39558.0,501288.0,-1944.0,0.0,-12118.0,-398.0,234052.0
gtd,45788.0,489650.0,-274.0,12118.0,0.0,12362.0,214976.0
Schulze,40242.0,501016.0,-1510.0,398.0,-12362.0,0.0,234488.0
IRV,-221408.0,368938.0,-216640.0,-234052.0,-214976.0,-234488.0,0.0
