,Borda,plurality,gt,minimax,gtd,Schulze,IRV
Borda,10000.0,2266.0,5673.0,6709.0,6266.0,6747.0,3203.0
plurality,2266.0,10000.0,2310.0,2402.0,2427.0,2405.0,3564.0
gt,5673.0,2310.0,10000.0,7036.0,7522.0,7068.0,3212.0
minimax,6709.0,2402.0,7036.0,10000.0,8038.0,9888.0,3440.0
gtd,6266.0,2427.0,7522.0,8038.0,10000.0,8073.0,3395.0
Schulze,6747.0,2405.0,7068.0,9888.0,8073.0,10000.0,3450.0
IRV,3203.0,3564.0,3212.0,3440.0,3395.0,3450.0,10000.0
