,Borda,plurality,gt,minimax,gtd,Schulze,IRV
Borda,10000.0,8906.0,8820.0,9009.0,8739.0,9009.0,9009.0
plurality,8906.0,10000.0,8336.0,8589.0,8261.0,8589.0,8589.0
gt,8820.0,8336.0,10000.0,9747.0,9743.0,9747.0,9747.0
minimax,9009.0,8589.0,9747.0,10000.0,9672.0,10000.0,10000.0
gtd,8739.0,8261.0,9743.0,9672.0,10000.0,9672.0,9672.0
Schulze,9009.0,8589.0,9747.0,10000.0,9672.0,10000.0,10000.0
IRV,9009.0,8589.0,9747.0,10000.0,9672.0,10000.0,10000.0
