,Borda,plurality,gt,minimax,gtd,Schulze,IRV
Borda,1000.0,333.0,621.0,701.0,645.0,705.0,561.0
plurality,333.0,1000.0,296.0,314.0,302.0,313.0,347.0
gt,621.0,296.0,1000.0,738.0,767.0,740.0,612.0
minimax,701.0,314.0,738.0,1000.0,806.0,990.0,638.0
gtd,645.0,302.0,767.0,806.0,1000.0,809.0,632.0
Schulze,705.0,313.0,740.0,990.0,809.0,1000.0,641.0
IRV,561.0,347.0,612.0,638.0,632.0,641.0,1000.0
