,Borda,plurality,gt,minimax,gtd,Schulze,IRV
Borda,0.0,12704.0,-896.0,-2242.0,-3024.0,-2412.0,924.0
plurality,-12704.0,0.0,-11030.0,-12998.0,-12356.0,-13012.0,-11716.0
gt,896.0,11030.0,0.0,16.0,-40.0,-10.0,1970.0
minimax,2242.0,12998.0,-16.0,0.0,-1236.0,-38.0,2990.0
gtd,3024.0,12356.0,40.0,1236.0,0.0,1256.0,2858.0
Schulze,2412.0,13012.0,10.0,38.0,-1256.0,0.0,3034.0
IRV,-924.0,11716.0,-1970.0,-2990.0,-2858.0,-3034.0,0.0
