,Borda,plurality,gt,minimax,gtd,Schulze,IRV
Borda,10000.0,6957.0,9226.0,9242.0,9238.0,9242.0,8775.0
plurality,6957.0,10000.0,7488.0,7486.0,7485.0,7486.0,7801.0
gt,9226.0,7488.0,10000.0,9951.0,9963.0,9951.0,9382.0
minimax,9242.0,7486.0,9951.0,10000.0,9950.0,10000.0,9403.0
gtd,9238.0,7485.0,9963.0,9950.0,10000.0,9950.0,9378.0
Schulze,9242.0,7486.0,9951.0,10000.0,9950.0,10000.0,9403.0
IRV,8775.0,7801.0,9382.0,9403.0,9378.0,9403.0,10000.0
