,Borda,plurality,gt,minimax,gtd,Schulze,IRV
Borda,0.0,217958.0,-25552.0,-25718.0,-25800.0,-25718.0,19882.0
plurality,-217958.0,0.0,-241794.0,-242366.0,-241648.0,-242366.0,-202460.0
gt,25552.0,241794.0,0.0,148.0,-14.0,148.0,45376.0
minimax,25718.0,242366.0,-148.0,0.0,-294.0,0.0,45796.0
gtd,25800.0,241648.0,14.0,294.0,0.0,294.0,45482.0
Schulze,25718.0,242366.0,-148.0,0.0,-294.0,0.0,45796.0
IRV,-19882.0,202460.0,-45376.0,-45796.0,-45482.0,-45796.0,0.0
