,Borda,plurality,gt,minimax,gtd,Schulze,IRV
Borda,10000.0,4714.0,8549.0,8884.0,8701.0,8884.0,7017.0
plurality,4714.0,10000.0,4998.0,4979.0,5018.0,4979.0,5929.0
gt,8549.0,4998.0,10000.0,9357.0,9473.0,9357.0,7441.0
minimax,8884.0,4979.0,9357.0,10000.0,9493.0,10000.0,7545.0
gtd,8701.0,5018.0,9473.0,9493.0,10000.0,9493.0,7469.0
Schulze,8884.0,4979.0,9357.0,10000.0,9493.0,10000.0,7545.0
IRV,7017.0,5929.0,7441.0,7545.0,7469.0,7545.0,10000.0
