,Borda,plurality,gt,minimax,gtd,Schulze,IRV
Borda,10000.0,2331.0,6509.0,7304.0,6848.0,7341.0,3656.0
plurality,2331.0,10000.0,2654.0,2628.0,2646.0,2635.0,3901.0
gt,6509.0,2654.0,10000.0,7980.0,8379.0,7996.0,3924.0
minimax,7304.0,2628.0,7980.0,10000.0,8583.0,9901.0,4019.0
gtd,6848.0,2646.0,8379.0,8583.0,10000.0,8606.0,3999.0
Schulze,7341.0,2635.0,7996.0,9901.0,8606.0,10000.0,4021.0
IRV,3656.0,3901.0,3924.0,4019.0,3999.0,4021.0,10000.0
