,Borda,plurality,gt,minimax,gtd,Schulze,IRV
Borda,10000.0,3802.0,7761.0,8285.0,7946.0,8296.0,5778.0
plurality,3802.0,10000.0,4000.0,4111.0,4060.0,4110.0,5351.0
gt,7761.0,4000.0,10000.0,8811.0,8984.0,8824.0,6084.0
minimax,8285.0,4111.0,8811.0,10000.0,9131.0,9975.0,6210.0
gtd,7946.0,4060.0,8984.0,9131.0,10000.0,9143.0,6168.0
Schulze,8296.0,4110.0,8824.0,9975.0,9143.0,10000.0,6211.0
IRV,5778.0,5351.0,6084.0,6210.0,6168.0,6211.0,10000.0
