,Borda,plurality,gt,minimax,gtd,Schulze,IRV
Borda,0.0,394234.0,-32706.0,-41828.0,-53724.0,-42886.0,253418.0
plurality,-394234.0,0.0,-395532.0,-414440.0,-414046.0,-414440.0,-248804.0
gt,32706.0,395532.0,0.0,1984.0,-802.0,1526.0,249282.0
minimax,41828.0,414440.0,-1984.0,0.0,-15098.0,-86.0,270806.0
gtd,53724.0,414046.0,802.0,15098.0,0.0,14850.0,264800.0
Schulze,42886.0,414440.0,-1526.0,86.0,-14850.0,0.0,270932.0
IRV,-253418.0,248804.0,-249282.0,-270806.0,-264800.0,-270932.0,0.0
