,Borda,plurality,gt,minimax,gtd,Schulze,IRV
Borda,10000.0,3437.0,7882.0,8351.0,7999.0,8370.0,5452.0
plurality,3437.0,10000.0,3669.0,3735.0,3754.0,3746.0,5069.0
gt,7882.0,3669.0,10000.0,9021.0,9228.0,9028.0,5764.0
minimax,8351.0,3735.0,9021.0,10000.0,9234.0,9970.0,5862.0
gtd,7999.0,3754.0,9228.0,9234.0,10000.0,9248.0,5890.0
Schulze,8370.0,3746.0,9028.0,9970.0,9248.0,10000.0,5867.0
IRV,5452.0,5069.0,5764.0,5862.0,5890.0,5867.0,10000.0
