,Borda,plurality,gt,minimax,gtd,Schulze,IRV
Borda,10000.0,1785.0,6361.0,7095.0,6572.0,7123.0,3031.0
plurality,1785.0,10000.0,2111.0,2056.0,2124.0,2057.0,3364.0
gt,6361.0,2111.0,10000.0,7893.0,8377.0,7919.0,3170.0
minimax,7095.0,2056.0,7893.0,10000.0,8409.0,9892.0,3196.0
gtd,6572.0,2124.0,8377.0,8409.0,10000.0,8437.0,3249.0
Schulze,7123.0,2057.0,7919.0,9892.0,8437.0,10000.0,3204.0
IRV,3031.0,3364.0,3170.0,3196.0,3249.0,3204.0,10000.0
