,Borda,plurality,gt,minimax,gtd,Schulze,IRV
Borda,10000.0,6090.0,4428.0,7578.0,4222.0,7578.0,5825.0
plurality,6090.0,10000.0,3652.0,5073.0,3424.0,5073.0,7925.0
gt,4428.0,3652.0,10000.0,5697.0,6491.0,5697.0,4921.0
minimax,7578.0,5073.0,5697.0,10000.0,6640.0,10000.0,6181.0
gtd,4222.0,3424.0,6491.0,6640.0,10000.0,6640.0,5003.0
Schulze,7578.0,5073.0,5697.0,10000.0,6640.0,10000.0,6181.0
IRV,5825.0,7925.0,4921.0,6181.0,5003.0,6181.0,10000.0
