,Borda,plurality,gt,minimax,gtd,Schulze,IRV
Borda,10000.0,2994.0,6325.0,7136.0,7185.0,7158.0,4033.0
plurality,2994.0,10000.0,3495.0,3612.0,3590.0,3618.0,4992.0
gt,6325.0,3495.0,10000.0,7574.0,7849.0,7588.0,4354.0
minimax,7136.0,3612.0,7574.0,10000.0,8502.0,9937.0,4525.0
gtd,7185.0,3590.0,7849.0,8502.0,10000.0,8518.0,4572.0
Schulze,7158.0,3618.0,7588.0,9937.0,8518.0,10000.0,4535.0
IRV,4033.0,4992.0,4354.0,4525.0,4572.0,4535.0,10000.0
