,Borda,plurality,gt,minimax,gtd,Schulze,IRV
Borda,10000.0,2590.0,7354.0,7882.0,7361.0,7918.0,4357.0
plurality,2590.0,10000.0,2899.0,2917.0,2928.0,2914.0,4377.0
gt,7354.0,2899.0,10000.0,8805.0,9106.0,8822.0,4678.0
minimax,7882.0,2917.0,8805.0,10000.0,9004.0,9947.0,4728.0
gtd,7361.0,2928.0,9106.0,9004.0,10000.0,9012.0,4729.0
Schulze,7918.0,2914.0,8822.0,9947.0,9012.0,10000.0,4729.0
IRV,4357.0,4377.0,4678.0,4728.0,4729.0,4729.0,10000.0
