,Borda,plurality,gt,minimax,gtd,Schulze,IRV
Borda,10000.0,2549.0,7205.0,7703.0,7363.0,7718.0,4084.0
plurality,2549.0,10000.0,2957.0,2914.0,2998.0,2922.0,4286.0
gt,7205.0,2957.0,10000.0,8648.0,8991.0,8659.0,4515.0
minimax,7703.0,2914.0,8648.0,10000.0,8984.0,9955.0,4525.0
gtd,7363.0,2998.0,8991.0,8984.0,10000.0,8996.0,4571.0
Schulze,7718.0,2922.0,8659.0,9955.0,8996.0,10000.0,4533.0
IRV,4084.0,4286.0,4515.0,4525.0,4571.0,4533.0,10000.0
