,Borda,plurality,gt,minimax,gtd,Schulze,IRV
Borda,10000.0,2484.0,6206.0,6926.0,6843.0,6938.0,3550.0
plurality,2484.0,10000.0,2881.0,2914.0,2961.0,2917.0,4239.0
gt,6206.0,2881.0,10000.0,7754.0,8096.0,7767.0,3743.0
minimax,6926.0,2914.0,7754.0,10000.0,8528.0,9943.0,3854.0
gtd,6843.0,2961.0,8096.0,8528.0,10000.0,8544.0,3918.0
Schulze,6938.0,2917.0,7767.0,9943.0,8544.0,10000.0,3859.0
IRV,3550.0,4239.0,3743.0,3854.0,3918.0,3859.0,10000.0
