,Borda,plurality,gt,minimax,gtd,Schulze,IRV
Borda,0.0,34338.0,-4404.0,-4680.0,-4706.0,-4678.0,4114.0
plurality,-34338.0,0.0,-37626.0,-37988.0,-38056.0,-37986.0,-32018.0
gt,4404.0,37626.0,0.0,56.0,24.0,58.0,8102.0
minimax,4680.0,37988.0,-56.0,0.0,-196.0,2.0,8508.0
gtd,4706.0,38056.0,-24.0,196.0,0.0,198.0,8370.0
Schulze,4678.0,37986.0,-58.0,-2.0,-198.0,0.0,8524.0
IRV,-4114.0,32018.0,-8102.0,-8508.0,-8370.0,-8524.0,0.0
