,Borda,plurality,gt,minimax,gtd,Schulze,IRV
Borda,0.0,46.0,64.0,-38.0,-54.0,-38.0,-44.0
plurality,-46.0,0.0,18.0,-84.0,-66.0,-84.0,-90.0
gt,-64.0,-18.0,0.0,-54.0,12.0,-54.0,-60.0
minimax,38.0,84.0,54.0,0.0,-16.0,0.0,-6.0
gtd,54.0,66.0,-12.0,16.0,0.0,16.0,10.0
Schulze,38.0,84.0,54.0,0.0,-16.0,0.0,-6.0
IRV,44.0,90.0,60.0,6.0,-10.0,6.0,0.0
