,Borda,plurality,gt,minimax,gtd,Schulze,IRV
Borda,10000.0,7175.0,6341.0,8374.0,6490.0,8374.0,6038.0
plurality,7175.0,10000.0,6898.0,8038.0,7838.0,8038.0,7222.0
gt,6341.0,6898.0,10000.0,7191.0,7660.0,7191.0,7315.0
minimax,8374.0,8038.0,7191.0,10000.0,8082.0,10000.0,7222.0
gtd,6490.0,7838.0,7660.0,8082.0,10000.0,8082.0,8318.0
Schulze,8374.0,8038.0,7191.0,10000.0,8082.0,10000.0,7222.0
IRV,6038.0,7222.0,7315.0,7222.0,8318.0,7222.0,10000.0
