,Borda,plurality,gt,minimax,gtd,Schulze,IRV
Borda,0.0,-14358.0,-2346.0,-18048.0,-28162.0,-18048.0,-14840.0
plurality,14358.0,0.0,-2116.0,952.0,-6776.0,952.0,-19204.0
gt,2346.0,2116.0,0.0,80.0,208.0,80.0,672.0
minimax,18048.0,-952.0,-80.0,0.0,-10114.0,0.0,-4538.0
gtd,28162.0,6776.0,-208.0,10114.0,0.0,10114.0,-1312.0
Schulze,18048.0,-952.0,-80.0,0.0,-10114.0,0.0,-4538.0
IRV,14840.0,19204.0,-672.0,4538.0,1312.0,4538.0,0.0
