,Borda,plurality,gt,minimax,gtd,Schulze,IRV
Borda,0.0,-28674.0,-36508.0,-36988.0,-37082.0,-36988.0,-35732.0
plurality,28674.0,0.0,-6192.0,-6588.0,-6388.0,-6588.0,-7256.0
gt,36508.0,6192.0,0.0,24.0,-24.0,24.0,294.0
minimax,36988.0,6588.0,-24.0,0.0,-94.0,0.0,488.0
gtd,37082.0,6388.0,24.0,94.0,0.0,94.0,446.0
Schulze,36988.0,6588.0,-24.0,0.0,-94.0,0.0,488.0
IRV,35732.0,7256.0,-294.0,-488.0,-446.0,-488.0,0.0
