,Borda,plurality,gt,minimax,gtd,Schulze,IRV
Borda,0.0,55964.0,-3122.0,-6030.0,-6926.0,-6146.0,23892.0
plurality,-55964.0,0.0,-54148.0,-56692.0,-56474.0,-56736.0,-42502.0
gt,3122.0,54148.0,0.0,114.0,42.0,98.0,23908.0
minimax,6030.0,56692.0,-114.0,0.0,-1742.0,-28.0,26772.0
gtd,6926.0,56474.0,-42.0,1742.0,0.0,1776.0,25744.0
Schulze,6146.0,56736.0,-98.0,28.0,-1776.0,0.0,26868.0
IRV,-23892.0,42502.0,-23908.0,-26772.0,-25744.0,-26868.0,0.0
