,Borda,plurality,gt,minimax,gtd,Schulze,IRV
Borda,10000.0,3030.0,7838.0,8296.0,7853.0,8307.0,5270.0
plurality,3030.0,10000.0,3357.0,3349.0,3406.0,3353.0,4721.0
gt,7838.0,3357.0,10000.0,9127.0,9388.0,9137.0,5672.0
minimax,8296.0,3349.0,9127.0,10000.0,9283.0,9968.0,5668.0
gtd,7853.0,3406.0,9388.0,9283.0,10000.0,9296.0,5720.0
Schulze,8307.0,3353.0,9137.0,9968.0,9296.0,10000.0,5672.0
IRV,5270.0,4721.0,5672.0,5668.0,5720.0,5672.0,10000.0
