,Borda,plurality,gt,minimax,gtd,Schulze,IRV
Borda,10000.0,9678.0,9854.0,9906.0,9882.0,9906.0,9883.0
plurality,9678.0,10000.0,9701.0,9700.0,9697.0,9700.0,9711.0
gt,9854.0,9701.0,10000.0,9936.0,9941.0,9936.0,9933.0
minimax,9906.0,9700.0,9936.0,10000.0,9970.0,10000.0,9967.0
gtd,9882.0,9697.0,9941.0,9970.0,10000.0,9970.0,9965.0
Schulze,9906.0,9700.0,9936.0,10000.0,9970.0,10000.0,9967.0
IRV,9883.0,9711.0,9933.0,9967.0,9965.0,9967.0,10000.0
