,Borda,plurality,gt,minimax,gtd,Schulze,IRV
Borda,0.0,1020.0,-210.0,-332.0,-366.0,-332.0,-206.0
plurality,-1020.0,0.0,-1304.0,-1330.0,-1370.0,-1330.0,-1296.0
gt,210.0,1304.0,0.0,20.0,16.0,20.0,116.0
minimax,332.0,1330.0,-20.0,0.0,-34.0,0.0,82.0
gtd,366.0,1370.0,-16.0,34.0,0.0,34.0,116.0
Schulze,332.0,1330.0,-20.0,0.0,-34.0,0.0,82.0
IRV,206.0,1296.0,-116.0,-82.0,-116.0,-82.0,0.0
