,Borda,plurality,gt,minimax,gtd,Schulze,IRV
Borda,0.0,47348.0,-4736.0,-5216.0,-5244.0,-5214.0,5744.0
plurality,-47348.0,0.0,-51072.0,-51518.0,-51330.0,-51516.0,-43560.0
gt,4736.0,51072.0,0.0,28.0,-72.0,20.0,10200.0
minimax,5216.0,51518.0,-28.0,0.0,-280.0,-8.0,10648.0
gtd,5244.0,51330.0,72.0,280.0,0.0,272.0,10452.0
Schulze,5214.0,51516.0,-20.0,8.0,-272.0,0.0,10658.0
IRV,-5744.0,43560.0,-10200.0,-10648.0,-10452.0,-10658.0,0.0
