,Borda,plurality,gt,minimax,gtd,Schulze,IRV
Borda,0.0,6214.0,-1280.0,-2558.0,-3144.0,-2558.0,-380.0
plurality,-6214.0,0.0,-6746.0,-7972.0,-8278.0,-7972.0,-8044.0
gt,1280.0,6746.0,0.0,86.0,20.0,86.0,984.0
minimax,2558.0,7972.0,-86.0,0.0,-586.0,0.0,1396.0
gtd,3144.0,8278.0,-20.0,586.0,0.0,586.0,1594.0
Schulze,2558.0,7972.0,-86.0,0.0,-586.0,0.0,1396.0
IRV,380.0,8044.0,-984.0,-1396.0,-1594.0,-1396.0,0.0
