,Borda,plurality,gt,minimax,gtd,Schulze,IRV
Borda,10000.0,4107.0,7174.0,7854.0,7814.0,7874.0,5584.0
plurality,4107.0,10000.0,4257.0,4356.0,4337.0,4366.0,5557.0
gt,7174.0,4257.0,10000.0,8217.0,8423.0,8231.0,5864.0
minimax,7854.0,4356.0,8217.0,10000.0,8870.0,9953.0,6047.0
gtd,7814.0,4337.0,8423.0,8870.0,10000.0,8896.0,6000.0
Schulze,7874.0,4366.0,8231.0,9953.0,8896.0,10000.0,6048.0
IRV,5584.0,5557.0,5864.0,6047.0,6000.0,6048.0,10000.0
