,Borda,plurality,gt,minimax,gtd,Schulze,IRV
Borda,10000.0,7290.0,9990.0,9995.0,9995.0,9995.0,9728.0
plurality,7290.0,10000.0,7300.0,7295.0,7295.0,7295.0,7381.0
gt,9990.0,7300.0,10000.0,9995.0,9995.0,9995.0,9730.0
minimax,9995.0,7295.0,9995.0,10000.0,10000.0,10000.0,9733.0
gtd,9995.0,7295.0,9995.0,10000.0,10000.0,10000.0,9733.0
Schulze,9995.0,7295.0,9995.0,10000.0,10000.0,10000.0,9733.0
IRV,9728.0,7381.0,9730.0,9733.0,9733.0,9733.0,10000.0
