,Borda,plurality,gt,minimax,gtd,Schulze,IRV
Borda,0.0,37464.0,-8924.0,-11696.0,-12810.0,-11696.0,17208.0
plurality,-37464.0,0.0,-32416.0,-33330.0,-32146.0,-33330.0,-50024.0
gt,8924.0,32416.0,0.0,-32.0,-24.0,-32.0,22636.0
minimax,11696.0,33330.0,32.0,0.0,-1114.0,0.0,28450.0
gtd,12810.0,32146.0,24.0,1114.0,0.0,1114.0,26396.0
Schulze,11696.0,33330.0,32.0,0.0,-1114.0,0.0,28450.0
IRV,-17208.0,50024.0,-22636.0,-28450.0,-26396.0,-28450.0,0.0
