,Borda,plurality,gt,minimax,gtd,Schulze,IRV
Borda,10000.0,2079.0,6548.0,7277.0,6734.0,7307.0,3453.0
plurality,2079.0,10000.0,2340.0,2368.0,2401.0,2379.0,3655.0
gt,6548.0,2340.0,10000.0,8096.0,8535.0,8120.0,3671.0
minimax,7277.0,2368.0,8096.0,10000.0,8548.0,9913.0,3721.0
gtd,6734.0,2401.0,8535.0,8548.0,10000.0,8567.0,3707.0
Schulze,7307.0,2379.0,8120.0,9913.0,8567.0,10000.0,3731.0
IRV,3453.0,3655.0,3671.0,3721.0,3707.0,3731.0,10000.0
