,Borda,plurality,gt,minimax,gtd,Schulze,IRV
Borda,10000.0,9998.0,9992.0,9997.0,9993.0,9997.0,9996.0
plurality,9998.0,10000.0,9990.0,9995.0,9991.0,9995.0,9998.0
gt,9992.0,9990.0,10000.0,9995.0,9997.0,9995.0,9992.0
minimax,9997.0,9995.0,9995.0,10000.0,9996.0,10000.0,9997.0
gtd,9993.0,9991.0,9997.0,9996.0,10000.0,9996.0,9993.0
Schulze,9997.0,9995.0,9995.0,10000.0,9996.0,10000.0,9997.0
IRV,9996.0,9998.0,9992.0,9997.0,9993.0,9997.0,10000.0
