,Borda,plurality,gt,minimax,gtd,Schulze,IRV
Borda,10000.0,5947.0,9347.0,9235.0,9488.0,9235.0,9235.0
plurality,5947.0,10000.0,6301.0,6555.0,6213.0,6555.0,6554.0
gt,9347.0,6301.0,10000.0,9743.0,9742.0,9743.0,9745.0
minimax,9235.0,6555.0,9743.0,10000.0,9657.0,10000.0,9998.0
gtd,9488.0,6213.0,9742.0,9657.0,10000.0,9657.0,9659.0
Schulze,9235.0,6555.0,9743.0,10000.0,9657.0,10000.0,9998.0
IRV,9235.0,6554.0,9745.0,9998.0,9659.0,9998.0,10000.0
