,Borda,plurality,gt,minimax,gtd,Schulze,IRV
Borda,10000.0,7334.0,9870.0,9904.0,9854.0,9904.0,9904.0
plurality,7334.0,10000.0,7424.0,7366.0,7434.0,7366.0,7366.0
gt,9870.0,7424.0,10000.0,9942.0,9950.0,9942.0,9942.0
minimax,9904.0,7366.0,9942.0,10000.0,9932.0,10000.0,10000.0
gtd,9854.0,7434.0,9950.0,9932.0,10000.0,9932.0,9932.0
Schulze,9904.0,7366.0,9942.0,10000.0,9932.0,10000.0,10000.0
IRV,9904.0,7366.0,9942.0,10000.0,9932.0,10000.0,10000.0
