,Borda,plurality,gt,minimax,gtd,Schulze,IRV
Borda,10000.0,9656.0,9813.0,9855.0,9849.0,9855.0,9845.0
plurality,9656.0,10000.0,9719.0,9718.0,9715.0,9718.0,9722.0
gt,9813.0,9719.0,10000.0,9958.0,9957.0,9958.0,9947.0
minimax,9855.0,9718.0,9958.0,10000.0,9994.0,10000.0,9988.0
gtd,9849.0,9715.0,9957.0,9994.0,10000.0,9994.0,9984.0
Schulze,9855.0,9718.0,9958.0,10000.0,9994.0,10000.0,9988.0
IRV,9845.0,9722.0,9947.0,9988.0,9984.0,9988.0,10000.0
