,Borda,plurality,gt,minimax,gtd,Schulze,IRV
Borda,10000.0,3578.0,7249.0,7923.0,7650.0,7953.0,5294.0
plurality,3578.0,10000.0,3796.0,3863.0,3840.0,3868.0,5068.0
gt,7249.0,3796.0,10000.0,8415.0,8650.0,8427.0,5506.0
minimax,7923.0,3863.0,8415.0,10000.0,8929.0,9951.0,5634.0
gtd,7650.0,3840.0,8650.0,8929.0,10000.0,8942.0,5628.0
Schulze,7953.0,3868.0,8427.0,9951.0,8942.0,10000.0,5640.0
IRV,5294.0,5068.0,5506.0,5634.0,5628.0,5640.0,10000.0
