,Borda,plurality,gt,minimax,gtd,Schulze,IRV
Borda,10000.0,7450.0,3797.0,4051.0,4044.0,4051.0,4050.0
plurality,7450.0,10000.0,6301.0,6555.0,6548.0,6555.0,6554.0
gt,3797.0,6301.0,10000.0,9746.0,9747.0,9746.0,9747.0
minimax,4051.0,6555.0,9746.0,10000.0,9993.0,10000.0,9999.0
gtd,4044.0,6548.0,9747.0,9993.0,10000.0,9993.0,9994.0
Schulze,4051.0,6555.0,9746.0,10000.0,9993.0,10000.0,9999.0
IRV,4050.0,6554.0,9747.0,9999.0,9994.0,9999.0,10000.0
