,Borda,plurality,gt,minimax,gtd,Schulze,IRV
Borda,10000.0,8538.0,9964.0,9970.0,9964.0,9970.0,9964.0
plurality,8538.0,10000.0,8513.0,8517.0,8514.0,8517.0,8523.0
gt,9964.0,8513.0,10000.0,9989.0,9991.0,9989.0,9982.0
minimax,9970.0,8517.0,9989.0,10000.0,9990.0,10000.0,9986.0
gtd,9964.0,8514.0,9991.0,9990.0,10000.0,9990.0,9980.0
Schulze,9970.0,8517.0,9989.0,10000.0,9990.0,10000.0,9986.0
IRV,9964.0,8523.0,9982.0,9986.0,9980.0,9986.0,10000.0
