,Borda,plurality,gt,minimax,gtd,Schulze,IRV
Borda,0.0,177788.0,-12872.0,-22038.0,-26546.0,-23318.0,110976.0
plurality,-177788.0,0.0,-166078.0,-177508.0,-174798.0,-178282.0,-103194.0
gt,12872.0,166078.0,0.0,200.0,-80.0,-106.0,101522.0
minimax,22038.0,177508.0,-200.0,0.0,-9536.0,-452.0,116308.0
gtd,26546.0,174798.0,80.0,9536.0,0.0,9628.0,110894.0
Schulze,23318.0,178282.0,106.0,452.0,-9628.0,0.0,117044.0
IRV,-110976.0,103194.0,-101522.0,-116308.0,-110894.0,-117044.0,0.0
