,Borda,plurality,gt,minimax,gtd,Schulze,IRV
Borda,0.0,116726.0,-8306.0,-15342.0,-19804.0,-15940.0,69516.0
plurality,-116726.0,0.0,-110722.0,-119252.0,-117720.0,-119504.0,-69738.0
gt,8306.0,110722.0,0.0,-118.0,22.0,-198.0,64154.0
minimax,15342.0,119252.0,118.0,0.0,-6580.0,-210.0,74522.0
gtd,19804.0,117720.0,-22.0,6580.0,0.0,6674.0,71830.0
Schulze,15940.0,119504.0,198.0,210.0,-6674.0,0.0,75084.0
IRV,-69516.0,69738.0,-64154.0,-74522.0,-71830.0,-75084.0,0.0
