,Borda,plurality,gt,minimax,gtd,Schulze,IRV
Borda,0.0,627112.0,-33994.0,-34588.0,-34414.0,-34672.0,73124.0
plurality,-627112.0,0.0,-656586.0,-657522.0,-656690.0,-657494.0,-569842.0
gt,33994.0,656586.0,0.0,-146.0,-170.0,-118.0,106334.0
minimax,34588.0,657522.0,146.0,0.0,-564.0,28.0,106894.0
gtd,34414.0,656690.0,170.0,564.0,0.0,592.0,107064.0
Schulze,34672.0,657494.0,118.0,-28.0,-592.0,0.0,106880.0
IRV,-73124.0,569842.0,-106334.0,-106894.0,-107064.0,-106880.0,0.0
