,Borda,plurality,gt,minimax,gtd,Schulze,IRV
Borda,10000.0,6325.0,8995.0,9003.0,9004.0,9003.0,8356.0
plurality,6325.0,10000.0,7009.0,7013.0,7011.0,7013.0,7423.0
gt,8995.0,7009.0,10000.0,9937.0,9954.0,9937.0,9139.0
minimax,9003.0,7013.0,9937.0,10000.0,9947.0,10000.0,9156.0
gtd,9004.0,7011.0,9954.0,9947.0,10000.0,9947.0,9149.0
Schulze,9003.0,7013.0,9937.0,10000.0,9947.0,10000.0,9156.0
IRV,8356.0,7423.0,9139.0,9156.0,9149.0,9156.0,10000.0
