,Borda,plurality,gt,minimax,gtd,Schulze,IRV
Borda,0.0,291562.0,-40308.0,-40776.0,-40574.0,-40776.0,35752.0
plurality,-291562.0,0.0,-330986.0,-330906.0,-330792.0,-330906.0,-268084.0
gt,40308.0,330986.0,0.0,126.0,-164.0,126.0,76180.0
minimax,40776.0,330906.0,-126.0,0.0,-290.0,0.0,76494.0
gtd,40574.0,330792.0,164.0,290.0,0.0,290.0,75836.0
Schulze,40776.0,330906.0,-126.0,0.0,-290.0,0.0,76494.0
IRV,-35752.0,268084.0,-76180.0,-76494.0,-75836.0,-76494.0,0.0
