,Borda,plurality,gt,minimax,gtd,Schulze,IRV
Borda,10000.0,2559.0,7359.0,7950.0,7462.0,7976.0,4348.0
plurality,2559.0,10000.0,2924.0,2878.0,2934.0,2876.0,4398.0
gt,7359.0,2924.0,10000.0,8727.0,9015.0,8739.0,4644.0
minimax,7950.0,2878.0,8727.0,10000.0,9016.0,9943.0,4693.0
gtd,7462.0,2934.0,9015.0,9016.0,10000.0,9034.0,4714.0
Schulze,7976.0,2876.0,8739.0,9943.0,9034.0,10000.0,4698.0
IRV,4348.0,4398.0,4644.0,4693.0,4714.0,4698.0,10000.0
