,Borda,plurality,gt,minimax,gtd,Schulze,IRV
Borda,0.0,684762.0,-38544.0,-58594.0,-70104.0,-60860.0,349656.0
plurality,-684762.0,0.0,-644852.0,-670464.0,-653964.0,-671386.0,-455302.0
gt,38544.0,644852.0,0.0,2856.0,1462.0,754.0,330280.0
minimax,58594.0,670464.0,-2856.0,0.0,-19300.0,-1102.0,364234.0
gtd,70104.0,653964.0,-1462.0,19300.0,0.0,19626.0,341724.0
Schulze,60860.0,671386.0,-754.0,1102.0,-19626.0,0.0,365636.0
IRV,-349656.0,455302.0,-330280.0,-364234.0,-341724.0,-365636.0,0.0
