,Borda,plurality,gt,minimax,gtd,Schulze,IRV
Borda,0.0,1189140.0,-47958.0,-49868.0,-49350.0,-49868.0,306714.0
plurality,-1189140.0,0.0,-1235150.0,-1236642.0,-1236628.0,-1236642.0,-949692.0
gt,47958.0,1235150.0,0.0,-478.0,84.0,-478.0,353870.0
minimax,49868.0,1236642.0,478.0,0.0,-688.0,0.0,354830.0
gtd,49350.0,1236628.0,-84.0,688.0,0.0,688.0,353948.0
Schulze,49868.0,1236642.0,478.0,0.0,-688.0,0.0,354830.0
IRV,-306714.0,949692.0,-353870.0,-354830.0,-353948.0,-354830.0,0.0
