,Borda,plurality,gt,minimax,gtd,Schulze,IRV
Borda,0.0,28824.0,-6262.0,-33232.0,-61162.0,-33232.0,11408.0
plurality,-28824.0,0.0,-13360.0,-57376.0,-63244.0,-57376.0,-25702.0
gt,6262.0,13360.0,0.0,256.0,712.0,256.0,4774.0
minimax,33232.0,57376.0,-256.0,0.0,-27930.0,0.0,35708.0
gtd,61162.0,63244.0,-712.0,27930.0,0.0,27930.0,38948.0
Schulze,33232.0,57376.0,-256.0,0.0,-27930.0,0.0,35708.0
IRV,-11408.0,25702.0,-4774.0,-35708.0,-38948.0,-35708.0,0.0
