,Borda,plurality,gt,minimax,gtd,Schulze,IRV
Borda,10000.0,2093.0,6057.0,6744.0,6613.0,6763.0,3116.0
plurality,2093.0,10000.0,2576.0,2559.0,2669.0,2566.0,3617.0
gt,6057.0,2576.0,10000.0,7684.0,8133.0,7698.0,3433.0
minimax,6744.0,2559.0,7684.0,10000.0,8414.0,9928.0,3471.0
gtd,6613.0,2669.0,8133.0,8414.0,10000.0,8430.0,3534.0
Schulze,6763.0,2566.0,7698.0,9928.0,8430.0,10000.0,3473.0
IRV,3116.0,3617.0,3433.0,3471.0,3534.0,3473.0,10000.0
