,Borda,plurality,gt,minimax,gtd,Schulze,IRV
Borda,10000.0,3265.0,7318.0,7935.0,7618.0,7958.0,4963.0
plurality,3265.0,10000.0,3496.0,3533.0,3543.0,3536.0,4858.0
gt,7318.0,3496.0,10000.0,8544.0,8782.0,8555.0,5267.0
minimax,7935.0,3533.0,8544.0,10000.0,9020.0,9954.0,5381.0
gtd,7618.0,3543.0,8782.0,9020.0,10000.0,9028.0,5376.0
Schulze,7958.0,3536.0,8555.0,9954.0,9028.0,10000.0,5382.0
IRV,4963.0,4858.0,5267.0,5381.0,5376.0,5382.0,10000.0
