,Borda,plurality,gt,minimax,gtd,Schulze,IRV
Borda,0.0,11104.0,-7370.0,-12146.0,-13228.0,-12290.0,-2626.0
plurality,-11104.0,0.0,-18730.0,-21078.0,-21414.0,-21224.0,-21138.0
gt,7370.0,18730.0,0.0,-4.0,-206.0,-44.0,5350.0
minimax,12146.0,21078.0,4.0,0.0,-3108.0,-62.0,6346.0
gtd,13228.0,21414.0,206.0,3108.0,0.0,3118.0,5874.0
Schulze,12290.0,21224.0,44.0,62.0,-3118.0,0.0,6428.0
IRV,2626.0,21138.0,-5350.0,-6346.0,-5874.0,-6428.0,0.0
