,Borda,plurality,gt,minimax,gtd,Schulze,IRV
Borda,10000.0,3210.0,7048.0,7645.0,7558.0,7663.0,4580.0
plurality,3210.0,10000.0,3691.0,3701.0,3718.0,3702.0,5126.0
gt,7048.0,3691.0,10000.0,8386.0,8628.0,8390.0,5000.0
minimax,7645.0,3701.0,8386.0,10000.0,8988.0,9951.0,5110.0
gtd,7558.0,3718.0,8628.0,8988.0,10000.0,9000.0,5071.0
Schulze,7663.0,3702.0,8390.0,9951.0,9000.0,10000.0,5116.0
IRV,4580.0,5126.0,5000.0,5110.0,5071.0,5116.0,10000.0
