,Borda,plurality,gt,minimax,gtd,Schulze,IRV
Borda,0.0,685192.0,-76490.0,-77016.0,-76686.0,-77016.0,192294.0
plurality,-685192.0,0.0,-765232.0,-765828.0,-765130.0,-765828.0,-547042.0
gt,76490.0,765232.0,0.0,208.0,-4.0,208.0,270704.0
minimax,77016.0,765828.0,-208.0,0.0,-478.0,0.0,271130.0
gtd,76686.0,765130.0,4.0,478.0,0.0,478.0,270354.0
Schulze,77016.0,765828.0,-208.0,0.0,-478.0,0.0,271130.0
IRV,-192294.0,547042.0,-270704.0,-271130.0,-270354.0,-271130.0,0.0
