,Borda,plurality,gt,minimax,gtd,Schulze,IRV
Borda,10000.0,9995.0,9990.0,9986.0,9991.0,9986.0,9991.0
plurality,9995.0,10000.0,9985.0,9981.0,9986.0,9981.0,9987.0
gt,9990.0,9985.0,10000.0,9996.0,9997.0,9996.0,9993.0
minimax,9986.0,9981.0,9996.0,10000.0,9995.0,10000.0,9993.0
gtd,9991.0,9986.0,9997.0,9995.0,10000.0,9995.0,9994.0
Schulze,9986.0,9981.0,9996.0,10000.0,9995.0,10000.0,9993.0
IRV,9991.0,9987.0,9993.0,9993.0,9994.0,9993.0,10000.0
