,Borda,plurality,gt,minimax,gtd,Schulze,IRV
Borda,0.0,411102.0,-23764.0,-39632.0,-48078.0,-41032.0,234718.0
plurality,-411102.0,0.0,-381214.0,-400950.0,-389858.0,-402890.0,-249094.0
gt,23764.0,381214.0,0.0,1614.0,876.0,1084.0,218144.0
minimax,39632.0,400950.0,-1614.0,0.0,-16302.0,-780.0,242200.0
gtd,48078.0,389858.0,-876.0,16302.0,0.0,16626.0,227494.0
Schulze,41032.0,402890.0,-1084.0,780.0,-16626.0,0.0,243528.0
IRV,-234718.0,249094.0,-218144.0,-242200.0,-227494.0,-243528.0,0.0
