,Borda,plurality,gt,minimax,gtd,Schulze,IRV
Borda,10000.0,2715.0,3868.0,3616.0,4095.0,3616.0,3616.0
plurality,2715.0,10000.0,8833.0,9069.0,8612.0,9069.0,9069.0
gt,3868.0,8833.0,10000.0,9748.0,9773.0,9748.0,9748.0
minimax,3616.0,9069.0,9748.0,10000.0,9521.0,10000.0,10000.0
gtd,4095.0,8612.0,9773.0,9521.0,10000.0,9521.0,9521.0
Schulze,3616.0,9069.0,9748.0,10000.0,9521.0,10000.0,10000.0
IRV,3616.0,9069.0,9748.0,10000.0,9521.0,10000.0,10000.0
