,Borda,plurality,gt,minimax,gtd,Schulze,IRV
Borda,10000.0,2634.0,6898.0,7535.0,7166.0,7570.0,4136.0
plurality,2634.0,10000.0,2908.0,2949.0,2941.0,2957.0,4333.0
gt,6898.0,2908.0,10000.0,8314.0,8653.0,8332.0,4436.0
minimax,7535.0,2949.0,8314.0,10000.0,8796.0,9916.0,4489.0
gtd,7166.0,2941.0,8653.0,8796.0,10000.0,8812.0,4516.0
Schulze,7570.0,2957.0,8332.0,9916.0,8812.0,10000.0,4493.0
IRV,4136.0,4333.0,4436.0,4489.0,4516.0,4493.0,10000.0
