,Borda,plurality,gt,minimax,gtd,Schulze,IRV
Borda,0.0,500726.0,-28948.0,-49374.0,-59622.0,-51724.0,274318.0
plurality,-500726.0,0.0,-470936.0,-491706.0,-476908.0,-492816.0,-316782.0
gt,28948.0,470936.0,0.0,-554.0,-124.0,-756.0,259242.0
minimax,49374.0,491706.0,554.0,0.0,-16750.0,-1004.0,286002.0
gtd,59622.0,476908.0,124.0,16750.0,0.0,17454.0,269260.0
Schulze,51724.0,492816.0,756.0,1004.0,-17454.0,0.0,287742.0
IRV,-274318.0,316782.0,-259242.0,-286002.0,-269260.0,-287742.0,0.0
