,Borda,plurality,gt,minimax,gtd,Schulze,IRV
Borda,0.0,221376.0,-13548.0,-24984.0,-30694.0,-25862.0,132980.0
plurality,-221376.0,0.0,-210092.0,-222822.0,-217368.0,-223084.0,-131110.0
gt,13548.0,210092.0,0.0,758.0,-306.0,286.0,124562.0
minimax,24984.0,222822.0,-758.0,0.0,-10600.0,-494.0,140562.0
gtd,30694.0,217368.0,306.0,10600.0,0.0,10844.0,132664.0
Schulze,25862.0,223084.0,-286.0,494.0,-10844.0,0.0,141140.0
IRV,-132980.0,131110.0,-124562.0,-140562.0,-132664.0,-141140.0,0.0
