,Borda,plurality,gt,minimax,gtd,Schulze,IRV
Borda,10000.0,2359.0,6445.0,7245.0,6713.0,7277.0,3781.0
plurality,2359.0,10000.0,2514.0,2572.0,2573.0,2581.0,3820.0
gt,6445.0,2514.0,10000.0,7923.0,8365.0,7950.0,3841.0
minimax,7245.0,2572.0,7923.0,10000.0,8454.0,9905.0,3967.0
gtd,6713.0,2573.0,8365.0,8454.0,10000.0,8481.0,3964.0
Schulze,7277.0,2581.0,7950.0,9905.0,8481.0,10000.0,3982.0
IRV,3781.0,3820.0,3841.0,3967.0,3964.0,3982.0,10000.0
