,Borda,plurality,gt,minimax,gtd,Schulze,IRV
Borda,10000.0,6374.0,8862.0,8928.0,9076.0,8928.0,8902.0
plurality,6374.0,10000.0,6264.0,6658.0,6243.0,6658.0,6670.0
gt,8862.0,6264.0,10000.0,9584.0,9584.0,9584.0,9562.0
minimax,8928.0,6658.0,9584.0,10000.0,9584.0,10000.0,9960.0
gtd,9076.0,6243.0,9584.0,9584.0,10000.0,9584.0,9558.0
Schulze,8928.0,6658.0,9584.0,10000.0,9584.0,10000.0,9960.0
IRV,8902.0,6670.0,9562.0,9960.0,9558.0,9960.0,10000.0
