,Borda,plurality,gt,minimax,gtd,Schulze,IRV
Borda,0.0,5394.0,-164.0,-3436.0,-8012.0,-3436.0,-3186.0
plurality,-5394.0,0.0,-1520.0,-7850.0,-8846.0,-7850.0,-9154.0
gt,164.0,1520.0,0.0,40.0,-268.0,40.0,18.0
minimax,3436.0,7850.0,-40.0,0.0,-4576.0,0.0,-586.0
gtd,8012.0,8846.0,268.0,4576.0,0.0,4576.0,3314.0
Schulze,3436.0,7850.0,-40.0,0.0,-4576.0,0.0,-586.0
IRV,3186.0,9154.0,-18.0,586.0,-3314.0,586.0,0.0
