,Borda,plurality,gt,minimax,gtd,Schulze,IRV
Borda,0.0,554192.0,-33662.0,-49220.0,-58486.0,-50612.0,277662.0
plurality,-554192.0,0.0,-527718.0,-548402.0,-534844.0,-548536.0,-367782.0
gt,33662.0,527718.0,0.0,-480.0,236.0,-1222.0,271268.0
minimax,49220.0,548402.0,480.0,0.0,-16448.0,-538.0,297936.0
gtd,58486.0,534844.0,-236.0,16448.0,0.0,16770.0,278300.0
Schulze,50612.0,548536.0,1222.0,538.0,-16770.0,0.0,298640.0
IRV,-277662.0,367782.0,-271268.0,-297936.0,-278300.0,-298640.0,0.0
