,Borda,plurality,gt,minimax,gtd,Schulze,IRV
Borda,0.0,-0.033268101761252444,0.005870841487279843,0.005870841487279843,0.005870841487279843,0.005870841487279843,-0.033268101761252444
plurality,0.033268101761252444,0.0,-0.009784735812133072,-0.009784735812133072,-0.009784735812133072,-0.009784735812133072,0.0
gt,-0.005870841487279843,0.009784735812133072,0.0,0.0,0.0,0.0,0.009784735812133072
minimax,-0.005870841487279843,0.009784735812133072,0.0,0.0,0.0,0.0,0.009784735812133072
gtd,-0.005870841487279843,0.009784735812133072,0.0,0.0,0.0,0.0,0.009784735812133072
Schulze,-0.005870841487279843,0.009784735812133072,0.0,0.0,0.0,0.0,0.009784735812133072
IRV,0.033268101761252444,0.0,-0.009784735812133072,-0.009784735812133072,-0.009784735812133072,-0.009784735812133072,0.0
