,Borda,plurality,gt,minimax,gtd,Schulze,IRV
Borda,0.0,-0.014778325123152709,0.03940886699507389,-0.014778325123152709,-0.014778325123152709,-0.014778325123152709,0.03940886699507389
plurality,0.014778325123152709,0.0,-0.0049261083743842365,0.0,0.0,0.0,-0.0049261083743842365
gt,-0.03940886699507389,0.0049261083743842365,0.0,0.0049261083743842365,0.0049261083743842365,0.0049261083743842365,0.0
minimax,0.014778325123152709,0.0,-0.0049261083743842365,0.0,0.0,0.0,-0.0049261083743842365
gtd,0.014778325123152709,0.0,-0.0049261083743842365,0.0,0.0,0.0,-0.0049261083743842365
Schulze,0.014778325123152709,0.0,-0.0049261083743842365,0.0,0.0,0.0,-0.0049261083743842365
IRV,-0.03940886699507389,0.0049261083743842365,0.0,0.0049261083743842365,0.0049261083743842365,0.0049261083743842365,0.0
