,Borda,plurality,gt,minimax,gtd,Schulze,IRV
Borda,0.0,0.031141868512110725,-0.01384083044982699,-0.01384083044982699,-0.01384083044982699,-0.01384083044982699,0.0
plurality,-0.031141868512110725,0.0,0.0034602076124567475,0.0034602076124567475,0.0034602076124567475,0.0034602076124567475,-0.031141868512110725
gt,0.01384083044982699,-0.0034602076124567475,0.0,0.0,0.0,0.0,0.01384083044982699
minimax,0.01384083044982699,-0.0034602076124567475,0.0,0.0,0.0,0.0,0.01384083044982699
gtd,0.01384083044982699,-0.0034602076124567475,0.0,0.0,0.0,0.0,0.01384083044982699
Schulze,0.01384083044982699,-0.0034602076124567475,0.0,0.0,0.0,0.0,0.01384083044982699
IRV,0.0,0.031141868512110725,-0.01384083044982699,-0.01384083044982699,-0.01384083044982699,-0.01384083044982699,0.0
