,Borda,plurality,gt,minimax,gtd,Schulze,IRV
Borda,0.0,0.0,-0.02119460500963391,-0.0019267822736030828,-0.02119460500963391,0.0,-0.02119460500963391
plurality,0.0,0.0,-0.02119460500963391,-0.0019267822736030828,-0.02119460500963391,0.0,-0.02119460500963391
gt,0.02119460500963391,0.02119460500963391,0.0,0.009633911368015413,0.0,0.02119460500963391,0.0
minimax,0.0019267822736030828,0.0019267822736030828,-0.009633911368015413,0.0,-0.009633911368015413,0.0019267822736030828,-0.009633911368015413
gtd,0.02119460500963391,0.02119460500963391,0.0,0.009633911368015413,0.0,0.02119460500963391,0.0
Schulze,0.0,0.0,-0.02119460500963391,-0.0019267822736030828,-0.02119460500963391,0.0,-0.02119460500963391
IRV,0.02119460500963391,0.02119460500963391,0.0,0.009633911368015413,0.0,0.02119460500963391,0.0
