,Borda,plurality,gt,minimax,gtd,Schulze,IRV
Borda,0.0,-0.006289308176100629,0.031446540880503145,0.0,-0.006289308176100629,0.0,-0.006289308176100629
plurality,0.006289308176100629,0.0,-0.023060796645702306,0.006289308176100629,0.0,0.006289308176100629,0.0
gt,-0.031446540880503145,0.023060796645702306,0.0,-0.031446540880503145,0.023060796645702306,-0.031446540880503145,0.023060796645702306
minimax,0.0,-0.006289308176100629,0.031446540880503145,0.0,-0.006289308176100629,0.0,-0.006289308176100629
gtd,0.006289308176100629,0.0,-0.023060796645702306,0.006289308176100629,0.0,0.006289308176100629,0.0
Schulze,0.0,-0.006289308176100629,0.031446540880503145,0.0,-0.006289308176100629,0.0,-0.006289308176100629
IRV,0.006289308176100629,0.0,-0.023060796645702306,0.006289308176100629,0.0,0.006289308176100629,0.0
