,Borda,plurality,gt,minimax,gtd,Schulze,IRV
Borda,0.0,0.020460358056265986,-0.02557544757033248,-0.02557544757033248,0.020460358056265986,-0.02557544757033248,0.020460358056265986
plurality,-0.020460358056265986,0.0,0.017902813299232736,0.017902813299232736,0.0,0.017902813299232736,0.0
gt,0.02557544757033248,-0.017902813299232736,0.0,0.0,-0.017902813299232736,0.0,-0.017902813299232736
minimax,0.02557544757033248,-0.017902813299232736,0.0,0.0,-0.017902813299232736,0.0,-0.017902813299232736
gtd,-0.020460358056265986,0.0,0.017902813299232736,0.017902813299232736,0.0,0.017902813299232736,0.0
Schulze,0.02557544757033248,-0.017902813299232736,0.0,0.0,-0.017902813299232736,0.0,-0.017902813299232736
IRV,-0.020460358056265986,0.0,0.017902813299232736,0.017902813299232736,0.0,0.017902813299232736,0.0
