,Borda,plurality,gt,minimax,gtd,Schulze,IRV
Borda,0.0,0.022900763358778626,-0.002544529262086514,0.0,-0.002544529262086514,0.0,0.04834605597964377
plurality,-0.022900763358778626,0.0,0.007633587786259542,-0.022900763358778626,0.007633587786259542,-0.022900763358778626,-0.05343511450381679
gt,0.002544529262086514,-0.007633587786259542,0.0,0.002544529262086514,0.0,0.002544529262086514,0.007633587786259542
minimax,0.0,0.022900763358778626,-0.002544529262086514,0.0,-0.002544529262086514,0.0,0.04834605597964377
gtd,0.002544529262086514,-0.007633587786259542,0.0,0.002544529262086514,0.0,0.002544529262086514,0.007633587786259542
Schulze,0.0,0.022900763358778626,-0.002544529262086514,0.0,-0.002544529262086514,0.0,0.04834605597964377
IRV,-0.04834605597964377,0.05343511450381679,-0.007633587786259542,-0.04834605597964377,-0.007633587786259542,-0.04834605597964377,0.0
