,Borda,plurality,gt,minimax,gtd,Schulze,IRV
Borda,0.0,0.06666666666666667,0.014285714285714285,-0.0380952380952381,0.014285714285714285,-0.0380952380952381,0.014285714285714285
plurality,-0.06666666666666667,0.0,-0.04285714285714286,-0.004761904761904762,-0.04285714285714286,-0.004761904761904762,-0.04285714285714286
gt,-0.014285714285714285,0.04285714285714286,0.0,0.004761904761904762,0.0,0.004761904761904762,0.0
minimax,0.0380952380952381,0.004761904761904762,-0.004761904761904762,0.0,-0.004761904761904762,0.0,-0.004761904761904762
gtd,-0.014285714285714285,0.04285714285714286,0.0,0.004761904761904762,0.0,0.004761904761904762,0.0
Schulze,0.0380952380952381,0.004761904761904762,-0.004761904761904762,0.0,-0.004761904761904762,0.0,-0.004761904761904762
IRV,-0.014285714285714285,0.04285714285714286,0.0,0.004761904761904762,0.0,0.004761904761904762,0.0
