,Borda,plurality,gt,minimax,gtd,Schulze,IRV
Borda,0.0,-0.05817174515235457,0.09141274238227147,-0.05817174515235457,-0.05817174515235457,-0.05817174515235457,0.09141274238227147
plurality,0.05817174515235457,0.0,-0.002770083102493075,0.0,0.0,0.0,-0.002770083102493075
gt,-0.09141274238227147,0.002770083102493075,0.0,0.002770083102493075,0.002770083102493075,0.002770083102493075,0.0
minimax,0.05817174515235457,0.0,-0.002770083102493075,0.0,0.0,0.0,-0.002770083102493075
gtd,0.05817174515235457,0.0,-0.002770083102493075,0.0,0.0,0.0,-0.002770083102493075
Schulze,0.05817174515235457,0.0,-0.002770083102493075,0.0,0.0,0.0,-0.002770083102493075
IRV,-0.09141274238227147,0.002770083102493075,0.0,0.002770083102493075,0.002770083102493075,0.002770083102493075,0.0
