,Borda,plurality,gt,minimax,gtd,Schulze,IRV
Borda,0.0,0.014035087719298246,-0.02456140350877193,0.014035087719298246,0.0,0.014035087719298246,0.0
plurality,-0.014035087719298246,0.0,0.031578947368421054,0.0,-0.014035087719298246,0.0,-0.014035087719298246
gt,0.02456140350877193,-0.031578947368421054,0.0,-0.031578947368421054,0.02456140350877193,-0.031578947368421054,0.02456140350877193
minimax,-0.014035087719298246,0.0,0.031578947368421054,0.0,-0.014035087719298246,0.0,-0.014035087719298246
gtd,0.0,0.014035087719298246,-0.02456140350877193,0.014035087719298246,0.0,0.014035087719298246,0.0
Schulze,-0.014035087719298246,0.0,0.031578947368421054,0.0,-0.014035087719298246,0.0,-0.014035087719298246
IRV,0.0,0.014035087719298246,-0.02456140350877193,0.014035087719298246,0.0,0.014035087719298246,0.0
