,Borda,plurality,gt,minimax,gtd,Schulze,IRV
Borda,0.0,0.027707808564231738,-0.012594458438287154,0.0,-0.012594458438287154,0.0,0.0
plurality,-0.027707808564231738,0.0,0.017632241813602016,-0.027707808564231738,0.017632241813602016,-0.027707808564231738,-0.027707808564231738
gt,0.012594458438287154,-0.017632241813602016,0.0,0.012594458438287154,0.0,0.012594458438287154,0.012594458438287154
minimax,0.0,0.027707808564231738,-0.012594458438287154,0.0,-0.012594458438287154,0.0,0.0
gtd,0.012594458438287154,-0.017632241813602016,0.0,0.012594458438287154,0.0,0.012594458438287154,0.012594458438287154
Schulze,0.0,0.027707808564231738,-0.012594458438287154,0.0,-0.012594458438287154,0.0,0.0
IRV,0.0,0.027707808564231738,-0.012594458438287154,0.0,-0.012594458438287154,0.0,0.0
