,Borda,plurality,gt,minimax,gtd,Schulze,IRV
Borda,0.0,0.050666666666666665,-0.024,-0.024,-0.024,-0.024,0.050666666666666665
plurality,-0.050666666666666665,0.0,0.0026666666666666666,0.0026666666666666666,0.0026666666666666666,0.0026666666666666666,0.0
gt,0.024,-0.0026666666666666666,0.0,0.0,0.0,0.0,-0.0026666666666666666
minimax,0.024,-0.0026666666666666666,0.0,0.0,0.0,0.0,-0.0026666666666666666
gtd,0.024,-0.0026666666666666666,0.0,0.0,0.0,0.0,-0.0026666666666666666
Schulze,0.024,-0.0026666666666666666,0.0,0.0,0.0,0.0,-0.0026666666666666666
IRV,-0.050666666666666665,0.0,0.0026666666666666666,0.0026666666666666666,0.0026666666666666666,0.0026666666666666666,0.0
