,Borda,plurality,gt,minimax,gtd,Schulze,IRV
Borda,0.0,0.0380952380952381,-0.012698412698412698,-0.012698412698412698,-0.012698412698412698,-0.012698412698412698,0.0380952380952381
plurality,-0.0380952380952381,0.0,0.006349206349206349,0.006349206349206349,0.006349206349206349,0.006349206349206349,0.0
gt,0.012698412698412698,-0.006349206349206349,0.0,0.0,0.0,0.0,-0.006349206349206349
minimax,0.012698412698412698,-0.006349206349206349,0.0,0.0,0.0,0.0,-0.006349206349206349
gtd,0.012698412698412698,-0.006349206349206349,0.0,0.0,0.0,0.0,-0.006349206349206349
Schulze,0.012698412698412698,-0.006349206349206349,0.0,0.0,0.0,0.0,-0.006349206349206349
IRV,-0.0380952380952381,0.0,0.006349206349206349,0.006349206349206349,0.006349206349206349,0.006349206349206349,0.0
