,Borda,plurality,gt,minimax,gtd,Schulze,IRV
Borda,0.0,0.046228710462287104,-0.0024330900243309003,0.0,0.0,0.0,0.046228710462287104
plurality,-0.046228710462287104,0.0,0.08029197080291971,-0.046228710462287104,-0.046228710462287104,-0.046228710462287104,0.0
gt,0.0024330900243309003,-0.08029197080291971,0.0,0.0024330900243309003,0.0024330900243309003,0.0024330900243309003,-0.08029197080291971
minimax,0.0,0.046228710462287104,-0.0024330900243309003,0.0,0.0,0.0,0.046228710462287104
gtd,0.0,0.046228710462287104,-0.0024330900243309003,0.0,0.0,0.0,0.046228710462287104
Schulze,0.0,0.046228710462287104,-0.0024330900243309003,0.0,0.0,0.0,0.046228710462287104
IRV,-0.046228710462287104,0.0,0.08029197080291971,-0.046228710462287104,-0.046228710462287104,-0.046228710462287104,0.0
