,Borda,plurality,gt,minimax,gtd,Schulze,IRV
Borda,0.0,0.014634146341463415,-0.004878048780487805,0.0,-0.004878048780487805,0.0,0.0
plurality,-0.014634146341463415,0.0,0.00975609756097561,-0.014634146341463415,0.00975609756097561,-0.014634146341463415,-0.014634146341463415
gt,0.004878048780487805,-0.00975609756097561,0.0,0.004878048780487805,0.0,0.004878048780487805,0.004878048780487805
minimax,0.0,0.014634146341463415,-0.004878048780487805,0.0,-0.004878048780487805,0.0,0.0
gtd,0.004878048780487805,-0.00975609756097561,0.0,0.004878048780487805,0.0,0.004878048780487805,0.004878048780487805
Schulze,0.0,0.014634146341463415,-0.004878048780487805,0.0,-0.004878048780487805,0.0,0.0
IRV,0.0,0.014634146341463415,-0.004878048780487805,0.0,-0.004878048780487805,0.0,0.0
