,Borda,plurality,gt,minimax,gtd,Schulze,IRV
Borda,0.0,0.023679417122040074,-0.012750455373406194,0.0,0.0,0.0,0.023679417122040074
plurality,-0.023679417122040074,0.0,0.03825136612021858,-0.023679417122040074,-0.023679417122040074,-0.023679417122040074,0.0
gt,0.012750455373406194,-0.03825136612021858,0.0,0.012750455373406194,0.012750455373406194,0.012750455373406194,-0.03825136612021858
minimax,0.0,0.023679417122040074,-0.012750455373406194,0.0,0.0,0.0,0.023679417122040074
gtd,0.0,0.023679417122040074,-0.012750455373406194,0.0,0.0,0.0,0.023679417122040074
Schulze,0.0,0.023679417122040074,-0.012750455373406194,0.0,0.0,0.0,0.023679417122040074
IRV,-0.023679417122040074,0.0,0.03825136612021858,-0.023679417122040074,-0.023679417122040074,-0.023679417122040074,0.0
