,Borda,plurality,gt,minimax,gtd,Schulze,IRV
Borda,0.0,0.0,0.0,0.00975609756097561,0.0,0.00975609756097561,-0.02926829268292683
plurality,0.0,0.0,0.0,0.00975609756097561,0.0,0.00975609756097561,-0.02926829268292683
gt,0.0,0.0,0.0,0.00975609756097561,0.0,0.00975609756097561,-0.02926829268292683
minimax,-0.00975609756097561,-0.00975609756097561,-0.00975609756097561,0.0,-0.00975609756097561,0.0,0.03414634146341464
gtd,0.0,0.0,0.0,0.00975609756097561,0.0,0.00975609756097561,-0.02926829268292683
Schulze,-0.00975609756097561,-0.00975609756097561,-0.00975609756097561,0.0,-0.00975609756097561,0.0,0.03414634146341464
IRV,0.02926829268292683,0.02926829268292683,0.02926829268292683,-0.03414634146341464,0.02926829268292683,-0.03414634146341464,0.0
