,Borda,plurality,gt,minimax,gtd,Schulze,IRV
Borda,0.0,-0.0022172949002217295,-0.0022172949002217295,0.0,-0.0022172949002217295,0.0,0.011086474501108648
plurality,0.0022172949002217295,0.0,0.0,0.0022172949002217295,0.0,0.0022172949002217295,-0.0066518847006651885
gt,0.0022172949002217295,0.0,0.0,0.0022172949002217295,0.0,0.0022172949002217295,-0.0066518847006651885
minimax,0.0,-0.0022172949002217295,-0.0022172949002217295,0.0,-0.0022172949002217295,0.0,0.011086474501108648
gtd,0.0022172949002217295,0.0,0.0,0.0022172949002217295,0.0,0.0022172949002217295,-0.0066518847006651885
Schulze,0.0,-0.0022172949002217295,-0.0022172949002217295,0.0,-0.0022172949002217295,0.0,0.011086474501108648
IRV,-0.011086474501108648,0.0066518847006651885,0.0066518847006651885,-0.011086474501108648,0.0066518847006651885,-0.011086474501108648,0.0
