,Borda,plurality,gt,minimax,gtd,Schulze,IRV
Borda,0.0,-0.024830699774266364,0.0,-0.024830699774266364,0.020316027088036117,-0.024830699774266364,-0.024830699774266364
plurality,0.024830699774266364,0.0,0.024830699774266364,0.0,-0.006772009029345372,0.0,0.0
gt,0.0,-0.024830699774266364,0.0,-0.024830699774266364,0.020316027088036117,-0.024830699774266364,-0.024830699774266364
minimax,0.024830699774266364,0.0,0.024830699774266364,0.0,-0.006772009029345372,0.0,0.0
gtd,-0.020316027088036117,0.006772009029345372,-0.020316027088036117,0.006772009029345372,0.0,0.006772009029345372,0.006772009029345372
Schulze,0.024830699774266364,0.0,0.024830699774266364,0.0,-0.006772009029345372,0.0,0.0
IRV,0.024830699774266364,0.0,0.024830699774266364,0.0,-0.006772009029345372,0.0,0.0
