,Borda,plurality,gt,minimax,gtd,Schulze,IRV
Borda,0.0,0.0374331550802139,-0.016042780748663103,0.0,-0.016042780748663103,0.0,0.0
plurality,-0.0374331550802139,0.0,0.023172905525846704,-0.0374331550802139,0.023172905525846704,-0.0374331550802139,-0.0374331550802139
gt,0.016042780748663103,-0.023172905525846704,0.0,0.016042780748663103,0.0,0.016042780748663103,0.016042780748663103
minimax,0.0,0.0374331550802139,-0.016042780748663103,0.0,-0.016042780748663103,0.0,0.0
gtd,0.016042780748663103,-0.023172905525846704,0.0,0.016042780748663103,0.0,0.016042780748663103,0.016042780748663103
Schulze,0.0,0.0374331550802139,-0.016042780748663103,0.0,-0.016042780748663103,0.0,0.0
IRV,0.0,0.0374331550802139,-0.016042780748663103,0.0,-0.016042780748663103,0.0,0.0
