,Borda,plurality,gt,minimax,gtd,Schulze,IRV
Borda,0.0,0.08353221957040573,-0.007159904534606206,0.0,-0.007159904534606206,0.0,0.0
plurality,-0.08353221957040573,0.0,0.050119331742243436,-0.08353221957040573,0.050119331742243436,-0.08353221957040573,-0.08353221957040573
gt,0.007159904534606206,-0.050119331742243436,0.0,0.007159904534606206,0.0,0.007159904534606206,0.007159904534606206
minimax,0.0,0.08353221957040573,-0.007159904534606206,0.0,-0.007159904534606206,0.0,0.0
gtd,0.007159904534606206,-0.050119331742243436,0.0,0.007159904534606206,0.0,0.007159904534606206,0.007159904534606206
Schulze,0.0,0.08353221957040573,-0.007159904534606206,0.0,-0.007159904534606206,0.0,0.0
IRV,0.0,0.08353221957040573,-0.007159904534606206,0.0,-0.007159904534606206,0.0,0.0
