,Borda,plurality,gt,minimax,gtd,Schulze,IRV
Borda,0.0,0.022857142857142857,-0.011428571428571429,0.0,0.0,0.0,0.022857142857142857
plurality,-0.022857142857142857,0.0,0.045714285714285714,-0.022857142857142857,-0.022857142857142857,-0.022857142857142857,0.0
gt,0.011428571428571429,-0.045714285714285714,0.0,0.011428571428571429,0.011428571428571429,0.011428571428571429,-0.045714285714285714
minimax,0.0,0.022857142857142857,-0.011428571428571429,0.0,0.0,0.0,0.022857142857142857
gtd,0.0,0.022857142857142857,-0.011428571428571429,0.0,0.0,0.0,0.022857142857142857
Schulze,0.0,0.022857142857142857,-0.011428571428571429,0.0,0.0,0.0,0.022857142857142857
IRV,-0.022857142857142857,0.0,0.045714285714285714,-0.022857142857142857,-0.022857142857142857,-0.022857142857142857,0.0
