,Borda,plurality,gt,minimax,gtd,Schulze,IRV
Borda,0.0,0.03076923076923077,-0.015384615384615385,0.0,0.0,0.0,0.03076923076923077
plurality,-0.03076923076923077,0.0,0.05128205128205128,-0.03076923076923077,-0.03076923076923077,-0.03076923076923077,0.0
gt,0.015384615384615385,-0.05128205128205128,0.0,0.015384615384615385,0.015384615384615385,0.015384615384615385,-0.05128205128205128
minimax,0.0,0.03076923076923077,-0.015384615384615385,0.0,0.0,0.0,0.03076923076923077
gtd,0.0,0.03076923076923077,-0.015384615384615385,0.0,0.0,0.0,0.03076923076923077
Schulze,0.0,0.03076923076923077,-0.015384615384615385,0.0,0.0,0.0,0.03076923076923077
IRV,-0.03076923076923077,0.0,0.05128205128205128,-0.03076923076923077,-0.03076923076923077,-0.03076923076923077,0.0
