,Borda,plurality,gt,minimax,gtd,Schulze,IRV
Borda,0.0,-0.04113924050632911,0.03164556962025317,0.03164556962025317,0.03164556962025317,0.03164556962025317,-0.04113924050632911
plurality,0.04113924050632911,0.0,-0.03481012658227848,-0.03481012658227848,-0.03481012658227848,-0.03481012658227848,0.0
gt,-0.03164556962025317,0.03481012658227848,0.0,0.0,0.0,0.0,0.03481012658227848
minimax,-0.03164556962025317,0.03481012658227848,0.0,0.0,0.0,0.0,0.03481012658227848
gtd,-0.03164556962025317,0.03481012658227848,0.0,0.0,0.0,0.0,0.03481012658227848
Schulze,-0.03164556962025317,0.03481012658227848,0.0,0.0,0.0,0.0,0.03481012658227848
IRV,0.04113924050632911,0.0,-0.03481012658227848,-0.03481012658227848,-0.03481012658227848,-0.03481012658227848,0.0
