,Borda,plurality,gt,minimax,gtd,Schulze,IRV
Borda,0.0,0.13559322033898305,-0.05649717514124294,0.04519774011299435,0.04519774011299435,0.04519774011299435,-0.05649717514124294
plurality,-0.13559322033898305,0.0,-0.096045197740113,-0.062146892655367235,-0.062146892655367235,-0.062146892655367235,-0.096045197740113
gt,0.05649717514124294,0.096045197740113,0.0,-0.04519774011299435,-0.04519774011299435,-0.04519774011299435,0.0
minimax,-0.04519774011299435,0.062146892655367235,0.04519774011299435,0.0,0.0,0.0,0.04519774011299435
gtd,-0.04519774011299435,0.062146892655367235,0.04519774011299435,0.0,0.0,0.0,0.04519774011299435
Schulze,-0.04519774011299435,0.062146892655367235,0.04519774011299435,0.0,0.0,0.0,0.04519774011299435
IRV,0.05649717514124294,0.096045197740113,0.0,-0.04519774011299435,-0.04519774011299435,-0.04519774011299435,0.0
