,Borda,plurality,gt,minimax,gtd,Schulze,IRV
Borda,0.0,-0.010638297872340425,-0.010638297872340425,0.0,-0.010638297872340425,0.0,0.026595744680851064
plurality,0.010638297872340425,0.0,0.0,0.010638297872340425,0.0,0.010638297872340425,-0.015957446808510637
gt,0.010638297872340425,0.0,0.0,0.010638297872340425,0.0,0.010638297872340425,-0.015957446808510637
minimax,0.0,-0.010638297872340425,-0.010638297872340425,0.0,-0.010638297872340425,0.0,0.026595744680851064
gtd,0.010638297872340425,0.0,0.0,0.010638297872340425,0.0,0.010638297872340425,-0.015957446808510637
Schulze,0.0,-0.010638297872340425,-0.010638297872340425,0.0,-0.010638297872340425,0.0,0.026595744680851064
IRV,-0.026595744680851064,0.015957446808510637,0.015957446808510637,-0.026595744680851064,0.015957446808510637,-0.026595744680851064,0.0
