,Borda,plurality,gt,minimax,gtd,Schulze,IRV
Borda,0.0,0.148,-0.016,0.0,-0.016,0.0,-0.016
plurality,-0.148,0.0,-0.144,-0.148,-0.144,-0.148,-0.144
gt,0.016,0.144,0.0,0.016,0.0,0.016,0.0
minimax,0.0,0.148,-0.016,0.0,-0.016,0.0,-0.016
gtd,0.016,0.144,0.0,0.016,0.0,0.016,0.0
Schulze,0.0,0.148,-0.016,0.0,-0.016,0.0,-0.016
IRV,0.016,0.144,0.0,0.016,0.0,0.016,0.0
