,Borda,plurality,gt,minimax,gtd,Schulze,IRV
Borda,0.0,0.2631578947368421,-0.002770083102493075,0.0,-0.002770083102493075,0.0,0.04155124653739612
plurality,-0.2631578947368421,0.0,-0.2077562326869806,-0.2631578947368421,-0.2077562326869806,-0.2631578947368421,-0.16897506925207756
gt,0.002770083102493075,0.2077562326869806,0.0,0.002770083102493075,0.0,0.002770083102493075,-0.002770083102493075
minimax,0.0,0.2631578947368421,-0.002770083102493075,0.0,-0.002770083102493075,0.0,0.04155124653739612
gtd,0.002770083102493075,0.2077562326869806,0.0,0.002770083102493075,0.0,0.002770083102493075,-0.002770083102493075
Schulze,0.0,0.2631578947368421,-0.002770083102493075,0.0,-0.002770083102493075,0.0,0.04155124653739612
IRV,-0.04155124653739612,0.16897506925207756,0.002770083102493075,-0.04155124653739612,0.002770083102493075,-0.04155124653739612,0.0
