,Borda,plurality,gt,minimax,gtd,Schulze,IRV
Borda,0.0,0.06880733944954129,-0.013761467889908258,0.0,-0.013761467889908258,0.0,-0.013761467889908258
plurality,-0.06880733944954129,0.0,-0.04128440366972477,-0.06880733944954129,-0.04128440366972477,-0.06880733944954129,-0.04128440366972477
gt,0.013761467889908258,0.04128440366972477,0.0,0.013761467889908258,0.0,0.013761467889908258,0.0
minimax,0.0,0.06880733944954129,-0.013761467889908258,0.0,-0.013761467889908258,0.0,-0.013761467889908258
gtd,0.013761467889908258,0.04128440366972477,0.0,0.013761467889908258,0.0,0.013761467889908258,0.0
Schulze,0.0,0.06880733944954129,-0.013761467889908258,0.0,-0.013761467889908258,0.0,-0.013761467889908258
IRV,0.013761467889908258,0.04128440366972477,0.0,0.013761467889908258,0.0,0.013761467889908258,0.0
