,Borda,plurality,gt,minimax,gtd,Schulze,IRV
Borda,0.0,0.06837606837606838,-0.004273504273504274,0.0,-0.004273504273504274,0.0,0.0
plurality,-0.06837606837606838,0.0,0.021367521367521368,-0.06837606837606838,0.021367521367521368,-0.06837606837606838,-0.06837606837606838
gt,0.004273504273504274,-0.021367521367521368,0.0,0.004273504273504274,0.0,0.004273504273504274,0.004273504273504274
minimax,0.0,0.06837606837606838,-0.004273504273504274,0.0,-0.004273504273504274,0.0,0.0
gtd,0.004273504273504274,-0.021367521367521368,0.0,0.004273504273504274,0.0,0.004273504273504274,0.004273504273504274
Schulze,0.0,0.06837606837606838,-0.004273504273504274,0.0,-0.004273504273504274,0.0,0.0
IRV,0.0,0.06837606837606838,-0.004273504273504274,0.0,-0.004273504273504274,0.0,0.0
