,Borda,plurality,gt,minimax,gtd,Schulze,IRV
Borda,0.0,-0.0297029702970297,0.034653465346534656,-0.0297029702970297,-0.0297029702970297,-0.0297029702970297,0.034653465346534656
plurality,0.0297029702970297,0.0,-0.019801980198019802,0.0,0.0,0.0,-0.019801980198019802
gt,-0.034653465346534656,0.019801980198019802,0.0,0.019801980198019802,0.019801980198019802,0.019801980198019802,0.0
minimax,0.0297029702970297,0.0,-0.019801980198019802,0.0,0.0,0.0,-0.019801980198019802
gtd,0.0297029702970297,0.0,-0.019801980198019802,0.0,0.0,0.0,-0.019801980198019802
Schulze,0.0297029702970297,0.0,-0.019801980198019802,0.0,0.0,0.0,-0.019801980198019802
IRV,-0.034653465346534656,0.019801980198019802,0.0,0.019801980198019802,0.019801980198019802,0.019801980198019802,0.0
