,Borda,plurality,gt,minimax,gtd,Schulze,IRV
Borda,0.0,0.03686635944700461,-0.02304147465437788,-0.02304147465437788,-0.02304147465437788,-0.02304147465437788,0.03686635944700461
plurality,-0.03686635944700461,0.0,0.009216589861751152,0.009216589861751152,0.009216589861751152,0.009216589861751152,0.0
gt,0.02304147465437788,-0.009216589861751152,0.0,0.0,0.0,0.0,-0.009216589861751152
minimax,0.02304147465437788,-0.009216589861751152,0.0,0.0,0.0,0.0,-0.009216589861751152
gtd,0.02304147465437788,-0.009216589861751152,0.0,0.0,0.0,0.0,-0.009216589861751152
Schulze,0.02304147465437788,-0.009216589861751152,0.0,0.0,0.0,0.0,-0.009216589861751152
IRV,-0.03686635944700461,0.0,0.009216589861751152,0.009216589861751152,0.009216589861751152,0.009216589861751152,0.0
