,Borda,plurality,gt,minimax,gtd,Schulze,IRV
Borda,0.0,-0.039603960396039604,0.07920792079207921,-0.039603960396039604,-0.039603960396039604,-0.039603960396039604,0.07920792079207921
plurality,0.039603960396039604,0.0,-0.009900990099009901,0.0,0.0,0.0,-0.009900990099009901
gt,-0.07920792079207921,0.009900990099009901,0.0,0.009900990099009901,0.009900990099009901,0.009900990099009901,0.0
minimax,0.039603960396039604,0.0,-0.009900990099009901,0.0,0.0,0.0,-0.009900990099009901
gtd,0.039603960396039604,0.0,-0.009900990099009901,0.0,0.0,0.0,-0.009900990099009901
Schulze,0.039603960396039604,0.0,-0.009900990099009901,0.0,0.0,0.0,-0.009900990099009901
IRV,-0.07920792079207921,0.009900990099009901,0.0,0.009900990099009901,0.009900990099009901,0.009900990099009901,0.0
