,Borda,plurality,gt,minimax,gtd,Schulze,IRV
Borda,0.0,-0.03333333333333333,0.06190476190476191,-0.03333333333333333,-0.03333333333333333,-0.03333333333333333,0.06190476190476191
plurality,0.03333333333333333,0.0,-0.004761904761904762,0.0,0.0,0.0,-0.004761904761904762
gt,-0.06190476190476191,0.004761904761904762,0.0,0.004761904761904762,0.004761904761904762,0.004761904761904762,0.0
minimax,0.03333333333333333,0.0,-0.004761904761904762,0.0,0.0,0.0,-0.004761904761904762
gtd,0.03333333333333333,0.0,-0.004761904761904762,0.0,0.0,0.0,-0.004761904761904762
Schulze,0.03333333333333333,0.0,-0.004761904761904762,0.0,0.0,0.0,-0.004761904761904762
IRV,-0.06190476190476191,0.004761904761904762,0.0,0.004761904761904762,0.004761904761904762,0.004761904761904762,0.0
