,Borda,plurality,gt,minimax,gtd,Schulze,IRV
Borda,0.0,-0.02240325865580448,0.038696537678207736,-0.02240325865580448,-0.02240325865580448,-0.02240325865580448,0.038696537678207736
plurality,0.02240325865580448,0.0,-0.002036659877800407,0.0,0.0,0.0,-0.002036659877800407
gt,-0.038696537678207736,0.002036659877800407,0.0,0.002036659877800407,0.002036659877800407,0.002036659877800407,0.0
minimax,0.02240325865580448,0.0,-0.002036659877800407,0.0,0.0,0.0,-0.002036659877800407
gtd,0.02240325865580448,0.0,-0.002036659877800407,0.0,0.0,0.0,-0.002036659877800407
Schulze,0.02240325865580448,0.0,-0.002036659877800407,0.0,0.0,0.0,-0.002036659877800407
IRV,-0.038696537678207736,0.002036659877800407,0.0,0.002036659877800407,0.002036659877800407,0.002036659877800407,0.0
