,Borda,plurality,gt,minimax,gtd,Schulze,IRV
Borda,0.0,0.042505592841163314,-0.024608501118568233,-0.024608501118568233,-0.024608501118568233,-0.024608501118568233,0.042505592841163314
plurality,-0.042505592841163314,0.0,0.006711409395973154,0.006711409395973154,0.006711409395973154,0.006711409395973154,0.0
gt,0.024608501118568233,-0.006711409395973154,0.0,0.0,0.0,0.0,-0.006711409395973154
minimax,0.024608501118568233,-0.006711409395973154,0.0,0.0,0.0,0.0,-0.006711409395973154
gtd,0.024608501118568233,-0.006711409395973154,0.0,0.0,0.0,0.0,-0.006711409395973154
Schulze,0.024608501118568233,-0.006711409395973154,0.0,0.0,0.0,0.0,-0.006711409395973154
IRV,-0.042505592841163314,0.0,0.006711409395973154,0.006711409395973154,0.006711409395973154,0.006711409395973154,0.0
