,Borda,plurality,gt,minimax,gtd,Schulze,IRV
Borda,0.0,0.020958083832335328,-0.008982035928143712,-0.008982035928143712,-0.008982035928143712,-0.008982035928143712,0.0
plurality,-0.020958083832335328,0.0,0.005988023952095809,0.005988023952095809,0.005988023952095809,0.005988023952095809,-0.020958083832335328
gt,0.008982035928143712,-0.005988023952095809,0.0,0.0,0.0,0.0,0.008982035928143712
minimax,0.008982035928143712,-0.005988023952095809,0.0,0.0,0.0,0.0,0.008982035928143712
gtd,0.008982035928143712,-0.005988023952095809,0.0,0.0,0.0,0.0,0.008982035928143712
Schulze,0.008982035928143712,-0.005988023952095809,0.0,0.0,0.0,0.0,0.008982035928143712
IRV,0.0,0.020958083832335328,-0.008982035928143712,-0.008982035928143712,-0.008982035928143712,-0.008982035928143712,0.0
