,Borda,plurality,gt,minimax,gtd,Schulze,IRV
Borda,0.0,0.038348082595870206,0.02064896755162242,-0.02064896755162242,0.0,-0.02064896755162242,-0.02064896755162242
plurality,-0.038348082595870206,0.0,0.0029498525073746312,-0.035398230088495575,-0.038348082595870206,-0.035398230088495575,-0.035398230088495575
gt,-0.02064896755162242,-0.0029498525073746312,0.0,0.02064896755162242,-0.02064896755162242,0.02064896755162242,0.02064896755162242
minimax,0.02064896755162242,0.035398230088495575,-0.02064896755162242,0.0,0.02064896755162242,0.0,0.0
gtd,0.0,0.038348082595870206,0.02064896755162242,-0.02064896755162242,0.0,-0.02064896755162242,-0.02064896755162242
Schulze,0.02064896755162242,0.035398230088495575,-0.02064896755162242,0.0,0.02064896755162242,0.0,0.0
IRV,0.02064896755162242,0.035398230088495575,-0.02064896755162242,0.0,0.02064896755162242,0.0,0.0
