,Borda,plurality,gt,minimax,gtd,Schulze,IRV
Borda,0.0,0.028225806451612902,-0.03225806451612903,-0.03225806451612903,0.028225806451612902,-0.03225806451612903,0.028225806451612902
plurality,-0.028225806451612902,0.0,0.020161290322580645,0.020161290322580645,0.0,0.020161290322580645,0.0
gt,0.03225806451612903,-0.020161290322580645,0.0,0.0,-0.020161290322580645,0.0,-0.020161290322580645
minimax,0.03225806451612903,-0.020161290322580645,0.0,0.0,-0.020161290322580645,0.0,-0.020161290322580645
gtd,-0.028225806451612902,0.0,0.020161290322580645,0.020161290322580645,0.0,0.020161290322580645,0.0
Schulze,0.03225806451612903,-0.020161290322580645,0.0,0.0,-0.020161290322580645,0.0,-0.020161290322580645
IRV,-0.028225806451612902,0.0,0.020161290322580645,0.020161290322580645,0.0,0.020161290322580645,0.0
