,Borda,plurality,gt,minimax,gtd,Schulze,IRV
Borda,0.0,0.03597122302158273,-0.02158273381294964,-0.02158273381294964,-0.02158273381294964,-0.02158273381294964,0.0
plurality,-0.03597122302158273,0.0,0.007194244604316547,0.007194244604316547,0.007194244604316547,0.007194244604316547,-0.03597122302158273
gt,0.02158273381294964,-0.007194244604316547,0.0,0.0,0.0,0.0,0.02158273381294964
minimax,0.02158273381294964,-0.007194244604316547,0.0,0.0,0.0,0.0,0.02158273381294964
gtd,0.02158273381294964,-0.007194244604316547,0.0,0.0,0.0,0.0,0.02158273381294964
Schulze,0.02158273381294964,-0.007194244604316547,0.0,0.0,0.0,0.0,0.02158273381294964
IRV,0.0,0.03597122302158273,-0.02158273381294964,-0.02158273381294964,-0.02158273381294964,-0.02158273381294964,0.0
