,Borda,plurality,gt,minimax,gtd,Schulze,IRV
Borda,0.0,0.020100502512562814,-0.005025125628140704,0.0,0.0,0.0,0.020100502512562814
plurality,-0.020100502512562814,0.0,0.05025125628140704,-0.020100502512562814,-0.020100502512562814,-0.020100502512562814,0.0
gt,0.005025125628140704,-0.05025125628140704,0.0,0.005025125628140704,0.005025125628140704,0.005025125628140704,-0.05025125628140704
minimax,0.0,0.020100502512562814,-0.005025125628140704,0.0,0.0,0.0,0.020100502512562814
gtd,0.0,0.020100502512562814,-0.005025125628140704,0.0,0.0,0.0,0.020100502512562814
Schulze,0.0,0.020100502512562814,-0.005025125628140704,0.0,0.0,0.0,0.020100502512562814
IRV,-0.020100502512562814,0.0,0.05025125628140704,-0.020100502512562814,-0.020100502512562814,-0.020100502512562814,0.0
