,Borda,plurality,gt,minimax,gtd,Schulze,IRV
Borda,0.0,-0.007575757575757576,-0.007575757575757576,0.0,-0.007575757575757576,0.0,0.022727272727272728
plurality,0.007575757575757576,0.0,0.0,0.007575757575757576,0.0,0.007575757575757576,-0.011363636363636364
gt,0.007575757575757576,0.0,0.0,0.007575757575757576,0.0,0.007575757575757576,-0.011363636363636364
minimax,0.0,-0.007575757575757576,-0.007575757575757576,0.0,-0.007575757575757576,0.0,0.022727272727272728
gtd,0.007575757575757576,0.0,0.0,0.007575757575757576,0.0,0.007575757575757576,-0.011363636363636364
Schulze,0.0,-0.007575757575757576,-0.007575757575757576,0.0,-0.007575757575757576,0.0,0.022727272727272728
IRV,-0.022727272727272728,0.011363636363636364,0.011363636363636364,-0.022727272727272728,0.011363636363636364,-0.022727272727272728,0.0
