,Borda,plurality,gt,minimax,gtd,Schulze,IRV
Borda,0.0,0.07065217391304347,0.03804347826086957,0.0,-0.005434782608695652,0.0,0.0
plurality,-0.07065217391304347,0.0,-0.03804347826086957,-0.07065217391304347,-0.010869565217391304,-0.07065217391304347,-0.07065217391304347
gt,-0.03804347826086957,0.03804347826086957,0.0,-0.03804347826086957,0.02717391304347826,-0.03804347826086957,-0.03804347826086957
minimax,0.0,0.07065217391304347,0.03804347826086957,0.0,-0.005434782608695652,0.0,0.0
gtd,0.005434782608695652,0.010869565217391304,-0.02717391304347826,0.005434782608695652,0.0,0.005434782608695652,0.005434782608695652
Schulze,0.0,0.07065217391304347,0.03804347826086957,0.0,-0.005434782608695652,0.0,0.0
IRV,0.0,0.07065217391304347,0.03804347826086957,0.0,-0.005434782608695652,0.0,0.0
