,Borda,plurality,gt,minimax,gtd,Schulze,IRV
Borda,0.0,0.2750642673521851,-0.002570694087403599,0.0,0.0,0.0,0.07969151670951156
plurality,-0.2750642673521851,0.0,-0.15167095115681234,-0.2750642673521851,-0.2750642673521851,-0.2750642673521851,-0.2133676092544987
gt,0.002570694087403599,0.15167095115681234,0.0,0.002570694087403599,0.002570694087403599,0.002570694087403599,-0.08997429305912596
minimax,0.0,0.2750642673521851,-0.002570694087403599,0.0,0.0,0.0,0.07969151670951156
gtd,0.0,0.2750642673521851,-0.002570694087403599,0.0,0.0,0.0,0.07969151670951156
Schulze,0.0,0.2750642673521851,-0.002570694087403599,0.0,0.0,0.0,0.07969151670951156
IRV,-0.07969151670951156,0.2133676092544987,0.08997429305912596,-0.07969151670951156,-0.07969151670951156,-0.07969151670951156,0.0
