,Borda,plurality,gt,minimax,gtd,Schulze,IRV
Borda,0.0,0.020512820512820513,-0.010256410256410256,0.0,0.0,0.0,0.020512820512820513
plurality,-0.020512820512820513,0.0,0.02564102564102564,-0.020512820512820513,-0.020512820512820513,-0.020512820512820513,0.0
gt,0.010256410256410256,-0.02564102564102564,0.0,0.010256410256410256,0.010256410256410256,0.010256410256410256,-0.02564102564102564
minimax,0.0,0.020512820512820513,-0.010256410256410256,0.0,0.0,0.0,0.020512820512820513
gtd,0.0,0.020512820512820513,-0.010256410256410256,0.0,0.0,0.0,0.020512820512820513
Schulze,0.0,0.020512820512820513,-0.010256410256410256,0.0,0.0,0.0,0.020512820512820513
IRV,-0.020512820512820513,0.0,0.02564102564102564,-0.020512820512820513,-0.020512820512820513,-0.020512820512820513,0.0
