,Borda,plurality,gt,minimax,gtd,Schulze,IRV
Borda,0.0,0.056910569105691054,-0.018970189701897018,0.0,-0.018970189701897018,0.0,0.0
plurality,-0.056910569105691054,0.0,0.04065040650406504,-0.056910569105691054,0.04065040650406504,-0.056910569105691054,-0.056910569105691054
gt,0.018970189701897018,-0.04065040650406504,0.0,0.018970189701897018,0.0,0.018970189701897018,0.018970189701897018
minimax,0.0,0.056910569105691054,-0.018970189701897018,0.0,-0.018970189701897018,0.0,0.0
gtd,0.018970189701897018,-0.04065040650406504,0.0,0.018970189701897018,0.0,0.018970189701897018,0.018970189701897018
Schulze,0.0,0.056910569105691054,-0.018970189701897018,0.0,-0.018970189701897018,0.0,0.0
IRV,0.0,0.056910569105691054,-0.018970189701897018,0.0,-0.018970189701897018,0.0,0.0
