,Borda,plurality,gt,minimax,gtd,Schulze,IRV
Borda,0.0,0.030303030303030304,-0.04132231404958678,0.030303030303030304,0.0,0.030303030303030304,0.0
plurality,-0.030303030303030304,0.0,0.046831955922865015,0.0,-0.030303030303030304,0.0,-0.030303030303030304
gt,0.04132231404958678,-0.046831955922865015,0.0,-0.046831955922865015,0.04132231404958678,-0.046831955922865015,0.04132231404958678
minimax,-0.030303030303030304,0.0,0.046831955922865015,0.0,-0.030303030303030304,0.0,-0.030303030303030304
gtd,0.0,0.030303030303030304,-0.04132231404958678,0.030303030303030304,0.0,0.030303030303030304,0.0
Schulze,-0.030303030303030304,0.0,0.046831955922865015,0.0,-0.030303030303030304,0.0,-0.030303030303030304
IRV,0.0,0.030303030303030304,-0.04132231404958678,0.030303030303030304,0.0,0.030303030303030304,0.0
