,Borda,plurality,gt,minimax,gtd,Schulze,IRV
Borda,0.0,0.0755939524838013,-0.0021598272138228943,0.0,-0.0021598272138228943,0.0,0.0
plurality,-0.0755939524838013,0.0,0.019438444924406047,-0.0755939524838013,0.019438444924406047,-0.0755939524838013,-0.0755939524838013
gt,0.0021598272138228943,-0.019438444924406047,0.0,0.0021598272138228943,0.0,0.0021598272138228943,0.0021598272138228943
minimax,0.0,0.0755939524838013,-0.0021598272138228943,0.0,-0.0021598272138228943,0.0,0.0
gtd,0.0021598272138228943,-0.019438444924406047,0.0,0.0021598272138228943,0.0,0.0021598272138228943,0.0021598272138228943
Schulze,0.0,0.0755939524838013,-0.0021598272138228943,0.0,-0.0021598272138228943,0.0,0.0
IRV,0.0,0.0755939524838013,-0.0021598272138228943,0.0,-0.0021598272138228943,0.0,0.0
