,Borda,plurality,gt,minimax,gtd,Schulze,IRV
Borda,0.0,0.11053984575835475,0.04884318766066838,0.0,0.0,0.0,-0.017994858611825194
plurality,-0.11053984575835475,0.0,-0.08997429305912596,-0.11053984575835475,-0.11053984575835475,-0.11053984575835475,-0.05912596401028278
gt,-0.04884318766066838,0.08997429305912596,0.0,-0.04884318766066838,-0.04884318766066838,-0.04884318766066838,0.06940874035989718
minimax,0.0,0.11053984575835475,0.04884318766066838,0.0,0.0,0.0,-0.017994858611825194
gtd,0.0,0.11053984575835475,0.04884318766066838,0.0,0.0,0.0,-0.017994858611825194
Schulze,0.0,0.11053984575835475,0.04884318766066838,0.0,0.0,0.0,-0.017994858611825194
IRV,0.017994858611825194,0.05912596401028278,-0.06940874035989718,0.017994858611825194,0.017994858611825194,0.017994858611825194,0.0
