,Borda,plurality,gt,minimax,gtd,Schulze,IRV
Borda,0.0,-0.008347245409015025,0.07512520868113523,0.0,-0.008347245409015025,0.0,-0.008347245409015025
plurality,0.008347245409015025,0.0,-0.05843071786310518,0.008347245409015025,0.0,0.008347245409015025,0.0
gt,-0.07512520868113523,0.05843071786310518,0.0,-0.07512520868113523,0.05843071786310518,-0.07512520868113523,0.05843071786310518
minimax,0.0,-0.008347245409015025,0.07512520868113523,0.0,-0.008347245409015025,0.0,-0.008347245409015025
gtd,0.008347245409015025,0.0,-0.05843071786310518,0.008347245409015025,0.0,0.008347245409015025,0.0
Schulze,0.0,-0.008347245409015025,0.07512520868113523,0.0,-0.008347245409015025,0.0,-0.008347245409015025
IRV,0.008347245409015025,0.0,-0.05843071786310518,0.008347245409015025,0.0,0.008347245409015025,0.0
