,Borda,plurality,gt,minimax,gtd,Schulze,IRV
Borda,0.0,0.07532467532467532,-0.02857142857142857,0.0,-0.02857142857142857,0.0,-0.02857142857142857
plurality,-0.07532467532467532,0.0,0.05974025974025974,-0.07532467532467532,0.05974025974025974,-0.07532467532467532,0.05974025974025974
gt,0.02857142857142857,-0.05974025974025974,0.0,0.02857142857142857,0.0,0.02857142857142857,0.0
minimax,0.0,0.07532467532467532,-0.02857142857142857,0.0,-0.02857142857142857,0.0,-0.02857142857142857
gtd,0.02857142857142857,-0.05974025974025974,0.0,0.02857142857142857,0.0,0.02857142857142857,0.0
Schulze,0.0,0.07532467532467532,-0.02857142857142857,0.0,-0.02857142857142857,0.0,-0.02857142857142857
IRV,0.02857142857142857,-0.05974025974025974,0.0,0.02857142857142857,0.0,0.02857142857142857,0.0
