,Borda,plurality,gt,minimax,gtd,Schulze,IRV
Borda,0.0,-0.028462998102466792,0.036053130929791274,-0.028462998102466792,-0.028462998102466792,-0.028462998102466792,0.036053130929791274
plurality,0.028462998102466792,0.0,-0.013282732447817837,0.0,0.0,0.0,-0.013282732447817837
gt,-0.036053130929791274,0.013282732447817837,0.0,0.013282732447817837,0.013282732447817837,0.013282732447817837,0.0
minimax,0.028462998102466792,0.0,-0.013282732447817837,0.0,0.0,0.0,-0.013282732447817837
gtd,0.028462998102466792,0.0,-0.013282732447817837,0.0,0.0,0.0,-0.013282732447817837
Schulze,0.028462998102466792,0.0,-0.013282732447817837,0.0,0.0,0.0,-0.013282732447817837
IRV,-0.036053130929791274,0.013282732447817837,0.0,0.013282732447817837,0.013282732447817837,0.013282732447817837,0.0
