,Borda,plurality,gt,minimax,gtd,Schulze,IRV
Borda,0.0,-0.014925373134328358,0.029850746268656716,0.0,-0.014925373134328358,0.0,-0.014925373134328358
plurality,0.014925373134328358,0.0,-0.024875621890547265,0.014925373134328358,0.0,0.014925373134328358,0.0
gt,-0.029850746268656716,0.024875621890547265,0.0,-0.029850746268656716,0.024875621890547265,-0.029850746268656716,0.024875621890547265
minimax,0.0,-0.014925373134328358,0.029850746268656716,0.0,-0.014925373134328358,0.0,-0.014925373134328358
gtd,0.014925373134328358,0.0,-0.024875621890547265,0.014925373134328358,0.0,0.014925373134328358,0.0
Schulze,0.0,-0.014925373134328358,0.029850746268656716,0.0,-0.014925373134328358,0.0,-0.014925373134328358
IRV,0.014925373134328358,0.0,-0.024875621890547265,0.014925373134328358,0.0,0.014925373134328358,0.0
