,Borda,plurality,gt,minimax,gtd,Schulze,IRV
Borda,0.0,-0.0070921985815602835,0.024113475177304965,0.0,-0.0070921985815602835,0.0,-0.0070921985815602835
plurality,0.0070921985815602835,0.0,-0.015602836879432624,0.0070921985815602835,0.0,0.0070921985815602835,0.0
gt,-0.024113475177304965,0.015602836879432624,0.0,-0.024113475177304965,0.015602836879432624,-0.024113475177304965,0.015602836879432624
minimax,0.0,-0.0070921985815602835,0.024113475177304965,0.0,-0.0070921985815602835,0.0,-0.0070921985815602835
gtd,0.0070921985815602835,0.0,-0.015602836879432624,0.0070921985815602835,0.0,0.0070921985815602835,0.0
Schulze,0.0,-0.0070921985815602835,0.024113475177304965,0.0,-0.0070921985815602835,0.0,-0.0070921985815602835
IRV,0.0070921985815602835,0.0,-0.015602836879432624,0.0070921985815602835,0.0,0.0070921985815602835,0.0
