,Borda,plurality,gt,minimax,gtd,Schulze,IRV
Borda,0.0,0.3150684931506849,-0.00821917808219178,0.0,-0.00821917808219178,0.0,0.0
plurality,-0.3150684931506849,0.0,-0.2493150684931507,-0.3150684931506849,-0.2493150684931507,-0.3150684931506849,-0.3150684931506849
gt,0.00821917808219178,0.2493150684931507,0.0,0.00821917808219178,0.0,0.00821917808219178,0.00821917808219178
minimax,0.0,0.3150684931506849,-0.00821917808219178,0.0,-0.00821917808219178,0.0,0.0
gtd,0.00821917808219178,0.2493150684931507,0.0,0.00821917808219178,0.0,0.00821917808219178,0.00821917808219178
Schulze,0.0,0.3150684931506849,-0.00821917808219178,0.0,-0.00821917808219178,0.0,0.0
IRV,0.0,0.3150684931506849,-0.00821917808219178,0.0,-0.00821917808219178,0.0,0.0
