,Borda,plurality,gt,minimax,gtd,Schulze,IRV
Borda,0.0,0.03937007874015748,-0.003937007874015748,0.0,-0.003937007874015748,0.0,0.0
plurality,-0.03937007874015748,0.0,0.011811023622047244,-0.03937007874015748,0.011811023622047244,-0.03937007874015748,-0.03937007874015748
gt,0.003937007874015748,-0.011811023622047244,0.0,0.003937007874015748,0.0,0.003937007874015748,0.003937007874015748
minimax,0.0,0.03937007874015748,-0.003937007874015748,0.0,-0.003937007874015748,0.0,0.0
gtd,0.003937007874015748,-0.011811023622047244,0.0,0.003937007874015748,0.0,0.003937007874015748,0.003937007874015748
Schulze,0.0,0.03937007874015748,-0.003937007874015748,0.0,-0.003937007874015748,0.0,0.0
IRV,0.0,0.03937007874015748,-0.003937007874015748,0.0,-0.003937007874015748,0.0,0.0
