,Borda,plurality,gt,minimax,gtd,Schulze,IRV
Borda,0.0,0.2598870056497175,-0.022598870056497175,0.0,-0.022598870056497175,0.0,0.0
plurality,-0.2598870056497175,0.0,-0.1694915254237288,-0.2598870056497175,-0.1694915254237288,-0.2598870056497175,-0.2598870056497175
gt,0.022598870056497175,0.1694915254237288,0.0,0.022598870056497175,0.0,0.022598870056497175,0.022598870056497175
minimax,0.0,0.2598870056497175,-0.022598870056497175,0.0,-0.022598870056497175,0.0,0.0
gtd,0.022598870056497175,0.1694915254237288,0.0,0.022598870056497175,0.0,0.022598870056497175,0.022598870056497175
Schulze,0.0,0.2598870056497175,-0.022598870056497175,0.0,-0.022598870056497175,0.0,0.0
IRV,0.0,0.2598870056497175,-0.022598870056497175,0.0,-0.022598870056497175,0.0,0.0
