,Borda,plurality,gt,minimax,gtd,Schulze,IRV
Borda,0.0,0.25901639344262295,0.02622950819672131,0.0,0.0,0.0,-0.019672131147540985
plurality,-0.25901639344262295,0.0,-0.23278688524590163,-0.25901639344262295,-0.25901639344262295,-0.25901639344262295,-0.25901639344262295
gt,-0.02622950819672131,0.23278688524590163,0.0,-0.02622950819672131,-0.02622950819672131,-0.02622950819672131,0.036065573770491806
minimax,0.0,0.25901639344262295,0.02622950819672131,0.0,0.0,0.0,-0.019672131147540985
gtd,0.0,0.25901639344262295,0.02622950819672131,0.0,0.0,0.0,-0.019672131147540985
Schulze,0.0,0.25901639344262295,0.02622950819672131,0.0,0.0,0.0,-0.019672131147540985
IRV,0.019672131147540985,0.25901639344262295,-0.036065573770491806,0.019672131147540985,0.019672131147540985,0.019672131147540985,0.0
