,Borda,plurality,gt,minimax,gtd,Schulze,IRV
Borda,0.0,0.0025188916876574307,-0.037783375314861464,0.0025188916876574307,0.0025188916876574307,0.0025188916876574307,0.0
plurality,-0.0025188916876574307,0.0,0.017632241813602016,0.0,0.0,0.0,-0.0025188916876574307
gt,0.037783375314861464,-0.017632241813602016,0.0,-0.017632241813602016,-0.017632241813602016,-0.017632241813602016,0.037783375314861464
minimax,-0.0025188916876574307,0.0,0.017632241813602016,0.0,0.0,0.0,-0.0025188916876574307
gtd,-0.0025188916876574307,0.0,0.017632241813602016,0.0,0.0,0.0,-0.0025188916876574307
Schulze,-0.0025188916876574307,0.0,0.017632241813602016,0.0,0.0,0.0,-0.0025188916876574307
IRV,0.0,0.0025188916876574307,-0.037783375314861464,0.0025188916876574307,0.0025188916876574307,0.0025188916876574307,0.0
