,Borda,plurality,gt,minimax,gtd,Schulze,IRV
Borda,0.0,0.1048951048951049,0.07226107226107226,-0.02564102564102564,-0.02564102564102564,-0.02564102564102564,-0.02564102564102564
plurality,-0.1048951048951049,0.0,-0.11888111888111888,-0.10023310023310024,-0.10023310023310024,-0.10023310023310024,-0.10023310023310024
gt,-0.07226107226107226,0.11888111888111888,0.0,0.006993006993006993,0.006993006993006993,0.006993006993006993,0.006993006993006993
minimax,0.02564102564102564,0.10023310023310024,-0.006993006993006993,0.0,0.0,0.0,0.0
gtd,0.02564102564102564,0.10023310023310024,-0.006993006993006993,0.0,0.0,0.0,0.0
Schulze,0.02564102564102564,0.10023310023310024,-0.006993006993006993,0.0,0.0,0.0,0.0
IRV,0.02564102564102564,0.10023310023310024,-0.006993006993006993,0.0,0.0,0.0,0.0
