,Borda,plurality,gt,minimax,gtd,Schulze,IRV
Borda,0.0,-0.011363636363636364,0.056818181818181816,0.0,0.0,0.0,-0.011363636363636364
plurality,0.011363636363636364,0.0,-0.06818181818181818,0.011363636363636364,0.011363636363636364,0.011363636363636364,0.0
gt,-0.056818181818181816,0.06818181818181818,0.0,-0.056818181818181816,-0.056818181818181816,-0.056818181818181816,0.06818181818181818
minimax,0.0,-0.011363636363636364,0.056818181818181816,0.0,0.0,0.0,-0.011363636363636364
gtd,0.0,-0.011363636363636364,0.056818181818181816,0.0,0.0,0.0,-0.011363636363636364
Schulze,0.0,-0.011363636363636364,0.056818181818181816,0.0,0.0,0.0,-0.011363636363636364
IRV,0.011363636363636364,0.0,-0.06818181818181818,0.011363636363636364,0.011363636363636364,0.011363636363636364,0.0
