,Borda,plurality,gt,minimax,gtd,Schulze,IRV
Borda,0.0,0.14520547945205478,0.057534246575342465,0.0,-0.00821917808219178,0.0,0.0
plurality,-0.14520547945205478,0.0,-0.15616438356164383,-0.14520547945205478,-0.052054794520547946,-0.14520547945205478,-0.14520547945205478
gt,-0.057534246575342465,0.15616438356164383,0.0,-0.057534246575342465,0.030136986301369864,-0.057534246575342465,-0.057534246575342465
minimax,0.0,0.14520547945205478,0.057534246575342465,0.0,-0.00821917808219178,0.0,0.0
gtd,0.00821917808219178,0.052054794520547946,-0.030136986301369864,0.00821917808219178,0.0,0.00821917808219178,0.00821917808219178
Schulze,0.0,0.14520547945205478,0.057534246575342465,0.0,-0.00821917808219178,0.0,0.0
IRV,0.0,0.14520547945205478,0.057534246575342465,0.0,-0.00821917808219178,0.0,0.0
