,Borda,plurality,gt,minimax,gtd,Schulze,IRV
Borda,0.0,-0.041025641025641026,0.010256410256410256,0.010256410256410256,0.010256410256410256,0.010256410256410256,-0.041025641025641026
plurality,0.041025641025641026,0.0,-0.015384615384615385,-0.015384615384615385,-0.015384615384615385,-0.015384615384615385,0.0
gt,-0.010256410256410256,0.015384615384615385,0.0,0.0,0.0,0.0,0.015384615384615385
minimax,-0.010256410256410256,0.015384615384615385,0.0,0.0,0.0,0.0,0.015384615384615385
gtd,-0.010256410256410256,0.015384615384615385,0.0,0.0,0.0,0.0,0.015384615384615385
Schulze,-0.010256410256410256,0.015384615384615385,0.0,0.0,0.0,0.0,0.015384615384615385
IRV,0.041025641025641026,0.0,-0.015384615384615385,-0.015384615384615385,-0.015384615384615385,-0.015384615384615385,0.0
