,Borda,plurality,gt,minimax,gtd,Schulze,IRV
Borda,0.0,-0.03434343434343434,0.026262626262626262,-0.03434343434343434,0.026262626262626262,-0.03434343434343434,0.026262626262626262
plurality,0.03434343434343434,0.0,-0.006060606060606061,0.0,-0.006060606060606061,0.0,-0.006060606060606061
gt,-0.026262626262626262,0.006060606060606061,0.0,0.006060606060606061,0.0,0.006060606060606061,0.0
minimax,0.03434343434343434,0.0,-0.006060606060606061,0.0,-0.006060606060606061,0.0,-0.006060606060606061
gtd,-0.026262626262626262,0.006060606060606061,0.0,0.006060606060606061,0.0,0.006060606060606061,0.0
Schulze,0.03434343434343434,0.0,-0.006060606060606061,0.0,-0.006060606060606061,0.0,-0.006060606060606061
IRV,-0.026262626262626262,0.006060606060606061,0.0,0.006060606060606061,0.0,0.006060606060606061,0.0
