,Borda,plurality,gt,minimax,gtd,Schulze,IRV
Borda,0.0,-0.022670025188916875,0.027707808564231738,0.0,0.0,0.0,0.027707808564231738
plurality,0.022670025188916875,0.0,-0.04785894206549118,0.022670025188916875,0.022670025188916875,0.022670025188916875,-0.04785894206549118
gt,-0.027707808564231738,0.04785894206549118,0.0,-0.027707808564231738,-0.027707808564231738,-0.027707808564231738,0.0
minimax,0.0,-0.022670025188916875,0.027707808564231738,0.0,0.0,0.0,0.027707808564231738
gtd,0.0,-0.022670025188916875,0.027707808564231738,0.0,0.0,0.0,0.027707808564231738
Schulze,0.0,-0.022670025188916875,0.027707808564231738,0.0,0.0,0.0,0.027707808564231738
IRV,-0.027707808564231738,0.04785894206549118,0.0,-0.027707808564231738,-0.027707808564231738,-0.027707808564231738,0.0
