,Borda,plurality,gt,minimax,gtd,Schulze,IRV
Borda,0.0,-0.039603960396039604,0.07920792079207921,-0.039603960396039604,-0.039603960396039604,-0.039603960396039604,0.07920792079207921
plurality,0.039603960396039604,0.0,-0.0297029702970297,0.0,0.0,0.0,-0.0297029702970297
gt,-0.07920792079207921,0.0297029702970297,0.0,0.0297029702970297,0.0297029702970297,0.0297029702970297,0.0
minimax,0.039603960396039604,0.0,-0.0297029702970297,0.0,0.0,0.0,-0.0297029702970297
gtd,0.039603960396039604,0.0,-0.0297029702970297,0.0,0.0,0.0,-0.0297029702970297
Schulze,0.039603960396039604,0.0,-0.0297029702970297,0.0,0.0,0.0,-0.0297029702970297
IRV,-0.07920792079207921,0.0297029702970297,0.0,0.0297029702970297,0.0297029702970297,0.0297029702970297,0.0
