,Borda,plurality,gt,minimax,gtd,Schulze,IRV
Borda,0.0,-0.03307888040712468,0.022900763358778626,-0.03307888040712468,0.022900763358778626,-0.03307888040712468,0.022900763358778626
plurality,0.03307888040712468,0.0,-0.002544529262086514,0.0,-0.002544529262086514,0.0,-0.002544529262086514
gt,-0.022900763358778626,0.002544529262086514,0.0,0.002544529262086514,0.0,0.002544529262086514,0.0
minimax,0.03307888040712468,0.0,-0.002544529262086514,0.0,-0.002544529262086514,0.0,-0.002544529262086514
gtd,-0.022900763358778626,0.002544529262086514,0.0,0.002544529262086514,0.0,0.002544529262086514,0.0
Schulze,0.03307888040712468,0.0,-0.002544529262086514,0.0,-0.002544529262086514,0.0,-0.002544529262086514
IRV,-0.022900763358778626,0.002544529262086514,0.0,0.002544529262086514,0.0,0.002544529262086514,0.0
