,Borda,plurality,gt,minimax,gtd,Schulze,IRV
Borda,0.0,0.05592105263157895,-0.009868421052631578,0.0,-0.009868421052631578,0.0,0.08223684210526316
plurality,-0.05592105263157895,0.0,-0.11513157894736842,-0.05592105263157895,-0.11513157894736842,-0.05592105263157895,-0.07894736842105263
gt,0.009868421052631578,0.11513157894736842,0.0,0.009868421052631578,0.0,0.009868421052631578,-0.01644736842105263
minimax,0.0,0.05592105263157895,-0.009868421052631578,0.0,-0.009868421052631578,0.0,0.08223684210526316
gtd,0.009868421052631578,0.11513157894736842,0.0,0.009868421052631578,0.0,0.009868421052631578,-0.01644736842105263
Schulze,0.0,0.05592105263157895,-0.009868421052631578,0.0,-0.009868421052631578,0.0,0.08223684210526316
IRV,-0.08223684210526316,0.07894736842105263,0.01644736842105263,-0.08223684210526316,0.01644736842105263,-0.08223684210526316,0.0
