,Borda,plurality,gt,minimax,gtd,Schulze,IRV
Borda,0.0,0.018970189701897018,-0.008130081300813009,0.0,0.0,0.0,0.018970189701897018
plurality,-0.018970189701897018,0.0,0.02981029810298103,-0.018970189701897018,-0.018970189701897018,-0.018970189701897018,0.0
gt,0.008130081300813009,-0.02981029810298103,0.0,0.008130081300813009,0.008130081300813009,0.008130081300813009,-0.02981029810298103
minimax,0.0,0.018970189701897018,-0.008130081300813009,0.0,0.0,0.0,0.018970189701897018
gtd,0.0,0.018970189701897018,-0.008130081300813009,0.0,0.0,0.0,0.018970189701897018
Schulze,0.0,0.018970189701897018,-0.008130081300813009,0.0,0.0,0.0,0.018970189701897018
IRV,-0.018970189701897018,0.0,0.02981029810298103,-0.018970189701897018,-0.018970189701897018,-0.018970189701897018,0.0
