,Borda,plurality,gt,minimax,gtd,Schulze,IRV
Borda,0.0,0.021337126600284494,0.021337126600284494,0.0,-0.012802275960170697,0.0,0.0
plurality,-0.021337126600284494,0.0,0.0,-0.021337126600284494,0.01849217638691323,-0.021337126600284494,-0.021337126600284494
gt,-0.021337126600284494,0.0,0.0,-0.021337126600284494,0.01849217638691323,-0.021337126600284494,-0.021337126600284494
minimax,0.0,0.021337126600284494,0.021337126600284494,0.0,-0.012802275960170697,0.0,0.0
gtd,0.012802275960170697,-0.01849217638691323,-0.01849217638691323,0.012802275960170697,0.0,0.012802275960170697,0.012802275960170697
Schulze,0.0,0.021337126600284494,0.021337126600284494,0.0,-0.012802275960170697,0.0,0.0
IRV,0.0,0.021337126600284494,0.021337126600284494,0.0,-0.012802275960170697,0.0,0.0
