,Borda,plurality,gt,minimax,gtd,Schulze,IRV
Borda,0.0,-0.036414565826330535,0.08123249299719888,-0.036414565826330535,-0.036414565826330535,-0.036414565826330535,0.08123249299719888
plurality,0.036414565826330535,0.0,-0.008403361344537815,0.0,0.0,0.0,-0.008403361344537815
gt,-0.08123249299719888,0.008403361344537815,0.0,0.008403361344537815,0.008403361344537815,0.008403361344537815,0.0
minimax,0.036414565826330535,0.0,-0.008403361344537815,0.0,0.0,0.0,-0.008403361344537815
gtd,0.036414565826330535,0.0,-0.008403361344537815,0.0,0.0,0.0,-0.008403361344537815
Schulze,0.036414565826330535,0.0,-0.008403361344537815,0.0,0.0,0.0,-0.008403361344537815
IRV,-0.08123249299719888,0.008403361344537815,0.0,0.008403361344537815,0.008403361344537815,0.008403361344537815,0.0
