,Borda,plurality,gt,minimax,gtd,Schulze,IRV
Borda,0.0,0.03875968992248062,0.07493540051679587,0.0,-0.012919896640826873,0.0,0.0
plurality,-0.03875968992248062,0.0,0.08527131782945736,-0.03875968992248062,-0.012919896640826873,-0.03875968992248062,-0.03875968992248062
gt,-0.07493540051679587,-0.08527131782945736,0.0,-0.07493540051679587,0.023255813953488372,-0.07493540051679587,-0.07493540051679587
minimax,0.0,0.03875968992248062,0.07493540051679587,0.0,-0.012919896640826873,0.0,0.0
gtd,0.012919896640826873,0.012919896640826873,-0.023255813953488372,0.012919896640826873,0.0,0.012919896640826873,0.012919896640826873
Schulze,0.0,0.03875968992248062,0.07493540051679587,0.0,-0.012919896640826873,0.0,0.0
IRV,0.0,0.03875968992248062,0.07493540051679587,0.0,-0.012919896640826873,0.0,0.0
