,Borda,plurality,gt,minimax,gtd,Schulze,IRV
Borda,0.0,-0.00392156862745098,0.07764705882352942,0.0,-0.00392156862745098,0.0,-0.00392156862745098
plurality,0.00392156862745098,0.0,-0.04941176470588235,0.00392156862745098,0.0,0.00392156862745098,0.0
gt,-0.07764705882352942,0.04941176470588235,0.0,-0.07764705882352942,0.04941176470588235,-0.07764705882352942,0.04941176470588235
minimax,0.0,-0.00392156862745098,0.07764705882352942,0.0,-0.00392156862745098,0.0,-0.00392156862745098
gtd,0.00392156862745098,0.0,-0.04941176470588235,0.00392156862745098,0.0,0.00392156862745098,0.0
Schulze,0.0,-0.00392156862745098,0.07764705882352942,0.0,-0.00392156862745098,0.0,-0.00392156862745098
IRV,0.00392156862745098,0.0,-0.04941176470588235,0.00392156862745098,0.0,0.00392156862745098,0.0
