,Borda,plurality,gt,minimax,gtd,Schulze,IRV
Borda,0.0,0.01834862385321101,-0.0030581039755351682,0.0,0.0,0.0,0.01834862385321101
plurality,-0.01834862385321101,0.0,0.027522935779816515,-0.01834862385321101,-0.01834862385321101,-0.01834862385321101,0.0
gt,0.0030581039755351682,-0.027522935779816515,0.0,0.0030581039755351682,0.0030581039755351682,0.0030581039755351682,-0.027522935779816515
minimax,0.0,0.01834862385321101,-0.0030581039755351682,0.0,0.0,0.0,0.01834862385321101
gtd,0.0,0.01834862385321101,-0.0030581039755351682,0.0,0.0,0.0,0.01834862385321101
Schulze,0.0,0.01834862385321101,-0.0030581039755351682,0.0,0.0,0.0,0.01834862385321101
IRV,-0.01834862385321101,0.0,0.027522935779816515,-0.01834862385321101,-0.01834862385321101,-0.01834862385321101,0.0
