,Borda,plurality,gt,minimax,gtd,Schulze,IRV
Borda,0.0,0.03587443946188341,-0.026905829596412557,-0.026905829596412557,-0.026905829596412557,-0.026905829596412557,0.0
plurality,-0.03587443946188341,0.0,0.017937219730941704,0.017937219730941704,0.017937219730941704,0.017937219730941704,-0.03587443946188341
gt,0.026905829596412557,-0.017937219730941704,0.0,0.0,0.0,0.0,0.026905829596412557
minimax,0.026905829596412557,-0.017937219730941704,0.0,0.0,0.0,0.0,0.026905829596412557
gtd,0.026905829596412557,-0.017937219730941704,0.0,0.0,0.0,0.0,0.026905829596412557
Schulze,0.026905829596412557,-0.017937219730941704,0.0,0.0,0.0,0.0,0.026905829596412557
IRV,0.0,0.03587443946188341,-0.026905829596412557,-0.026905829596412557,-0.026905829596412557,-0.026905829596412557,0.0
