,Borda,plurality,gt,minimax,gtd,Schulze,IRV
Borda,0.0,0.05352112676056338,-0.014084507042253521,0.0,-0.014084507042253521,0.0,0.0
plurality,-0.05352112676056338,0.0,0.01971830985915493,-0.05352112676056338,0.01971830985915493,-0.05352112676056338,-0.05352112676056338
gt,0.014084507042253521,-0.01971830985915493,0.0,0.014084507042253521,0.0,0.014084507042253521,0.014084507042253521
minimax,0.0,0.05352112676056338,-0.014084507042253521,0.0,-0.014084507042253521,0.0,0.0
gtd,0.014084507042253521,-0.01971830985915493,0.0,0.014084507042253521,0.0,0.014084507042253521,0.014084507042253521
Schulze,0.0,0.05352112676056338,-0.014084507042253521,0.0,-0.014084507042253521,0.0,0.0
IRV,0.0,0.05352112676056338,-0.014084507042253521,0.0,-0.014084507042253521,0.0,0.0
