,Borda,plurality,gt,minimax,gtd,Schulze,IRV
Borda,0.0,0.036935704514363885,-0.015047879616963064,-0.015047879616963064,-0.015047879616963064,-0.015047879616963064,0.036935704514363885
plurality,-0.036935704514363885,0.0,0.006839945280437756,0.006839945280437756,0.006839945280437756,0.006839945280437756,0.0
gt,0.015047879616963064,-0.006839945280437756,0.0,0.0,0.0,0.0,-0.006839945280437756
minimax,0.015047879616963064,-0.006839945280437756,0.0,0.0,0.0,0.0,-0.006839945280437756
gtd,0.015047879616963064,-0.006839945280437756,0.0,0.0,0.0,0.0,-0.006839945280437756
Schulze,0.015047879616963064,-0.006839945280437756,0.0,0.0,0.0,0.0,-0.006839945280437756
IRV,-0.036935704514363885,0.0,0.006839945280437756,0.006839945280437756,0.006839945280437756,0.006839945280437756,0.0
