,Borda,plurality,gt,minimax,gtd,Schulze,IRV
Borda,0.0,0.016241299303944315,-0.025522041763341066,-0.025522041763341066,0.016241299303944315,-0.025522041763341066,0.016241299303944315
plurality,-0.016241299303944315,0.0,0.002320185614849188,0.002320185614849188,0.0,0.002320185614849188,0.0
gt,0.025522041763341066,-0.002320185614849188,0.0,0.0,-0.002320185614849188,0.0,-0.002320185614849188
minimax,0.025522041763341066,-0.002320185614849188,0.0,0.0,-0.002320185614849188,0.0,-0.002320185614849188
gtd,-0.016241299303944315,0.0,0.002320185614849188,0.002320185614849188,0.0,0.002320185614849188,0.0
Schulze,0.025522041763341066,-0.002320185614849188,0.0,0.0,-0.002320185614849188,0.0,-0.002320185614849188
IRV,-0.016241299303944315,0.0,0.002320185614849188,0.002320185614849188,0.0,0.002320185614849188,0.0
