,Borda,plurality,gt,minimax,gtd,Schulze,IRV
Borda,0.0,0.0,0.033846153846153845,-0.024615384615384615,-0.024615384615384615,-0.024615384615384615,-0.024615384615384615
plurality,0.0,0.0,0.033846153846153845,-0.024615384615384615,-0.024615384615384615,-0.024615384615384615,-0.024615384615384615
gt,-0.033846153846153845,-0.033846153846153845,0.0,0.006153846153846154,0.006153846153846154,0.006153846153846154,0.006153846153846154
minimax,0.024615384615384615,0.024615384615384615,-0.006153846153846154,0.0,0.0,0.0,0.0
gtd,0.024615384615384615,0.024615384615384615,-0.006153846153846154,0.0,0.0,0.0,0.0
Schulze,0.024615384615384615,0.024615384615384615,-0.006153846153846154,0.0,0.0,0.0,0.0
IRV,0.024615384615384615,0.024615384615384615,-0.006153846153846154,0.0,0.0,0.0,0.0
