,Borda,plurality,gt,minimax,gtd,Schulze,IRV
Borda,0.0,-0.012552301255230125,0.04602510460251046,0.0,-0.012552301255230125,0.0,-0.012552301255230125
plurality,0.012552301255230125,0.0,-0.02510460251046025,0.012552301255230125,0.0,0.012552301255230125,0.0
gt,-0.04602510460251046,0.02510460251046025,0.0,-0.04602510460251046,0.02510460251046025,-0.04602510460251046,0.02510460251046025
minimax,0.0,-0.012552301255230125,0.04602510460251046,0.0,-0.012552301255230125,0.0,-0.012552301255230125
gtd,0.012552301255230125,0.0,-0.02510460251046025,0.012552301255230125,0.0,0.012552301255230125,0.0
Schulze,0.0,-0.012552301255230125,0.04602510460251046,0.0,-0.012552301255230125,0.0,-0.012552301255230125
IRV,0.012552301255230125,0.0,-0.02510460251046025,0.012552301255230125,0.0,0.012552301255230125,0.0
