,Borda,plurality,gt,minimax,gtd,Schulze,IRV
Borda,0.0,0.048859934853420196,-0.006514657980456026,0.0,0.0,0.0,0.048859934853420196
plurality,-0.048859934853420196,0.0,0.05211726384364821,-0.048859934853420196,-0.048859934853420196,-0.048859934853420196,0.0
gt,0.006514657980456026,-0.05211726384364821,0.0,0.006514657980456026,0.006514657980456026,0.006514657980456026,-0.05211726384364821
minimax,0.0,0.048859934853420196,-0.006514657980456026,0.0,0.0,0.0,0.048859934853420196
gtd,0.0,0.048859934853420196,-0.006514657980456026,0.0,0.0,0.0,0.048859934853420196
Schulze,0.0,0.048859934853420196,-0.006514657980456026,0.0,0.0,0.0,0.048859934853420196
IRV,-0.048859934853420196,0.0,0.05211726384364821,-0.048859934853420196,-0.048859934853420196,-0.048859934853420196,0.0
