,Borda,plurality,gt,minimax,gtd,Schulze,IRV
Borda,0.0,0.03954802259887006,-0.005649717514124294,0.0,0.0,0.0,0.03954802259887006
plurality,-0.03954802259887006,0.0,0.07909604519774012,-0.03954802259887006,-0.03954802259887006,-0.03954802259887006,0.0
gt,0.005649717514124294,-0.07909604519774012,0.0,0.005649717514124294,0.005649717514124294,0.005649717514124294,-0.07909604519774012
minimax,0.0,0.03954802259887006,-0.005649717514124294,0.0,0.0,0.0,0.03954802259887006
gtd,0.0,0.03954802259887006,-0.005649717514124294,0.0,0.0,0.0,0.03954802259887006
Schulze,0.0,0.03954802259887006,-0.005649717514124294,0.0,0.0,0.0,0.03954802259887006
IRV,-0.03954802259887006,0.0,0.07909604519774012,-0.03954802259887006,-0.03954802259887006,-0.03954802259887006,0.0
