,Borda,plurality,gt,minimax,gtd,Schulze,IRV
Borda,0.0,0.08485856905158069,-0.051580698835274545,-0.051580698835274545,-0.051580698835274545,-0.051580698835274545,0.08485856905158069
plurality,-0.08485856905158069,0.0,0.018302828618968387,0.018302828618968387,0.018302828618968387,0.018302828618968387,0.0
gt,0.051580698835274545,-0.018302828618968387,0.0,0.0,0.0,0.0,-0.018302828618968387
minimax,0.051580698835274545,-0.018302828618968387,0.0,0.0,0.0,0.0,-0.018302828618968387
gtd,0.051580698835274545,-0.018302828618968387,0.0,0.0,0.0,0.0,-0.018302828618968387
Schulze,0.051580698835274545,-0.018302828618968387,0.0,0.0,0.0,0.0,-0.018302828618968387
IRV,-0.08485856905158069,0.0,0.018302828618968387,0.018302828618968387,0.018302828618968387,0.018302828618968387,0.0
