,Borda,plurality,gt,minimax,gtd,Schulze,IRV
Borda,0.0,0.0,-0.014792899408284023,0.011834319526627219,0.0,0.011834319526627219,0.0
plurality,0.0,0.0,-0.014792899408284023,0.011834319526627219,0.0,0.011834319526627219,0.0
gt,0.014792899408284023,0.014792899408284023,0.0,-0.03550295857988166,0.014792899408284023,-0.03550295857988166,0.014792899408284023
minimax,-0.011834319526627219,-0.011834319526627219,0.03550295857988166,0.0,-0.011834319526627219,0.0,-0.011834319526627219
gtd,0.0,0.0,-0.014792899408284023,0.011834319526627219,0.0,0.011834319526627219,0.0
Schulze,-0.011834319526627219,-0.011834319526627219,0.03550295857988166,0.0,-0.011834319526627219,0.0,-0.011834319526627219
IRV,0.0,0.0,-0.014792899408284023,0.011834319526627219,0.0,0.011834319526627219,0.0
