,Borda,plurality,gt,minimax,gtd,Schulze,IRV
Borda,0.0,0.033419023136246784,-0.002570694087403599,0.0,0.0,0.0,0.05398457583547558
plurality,-0.033419023136246784,0.0,0.033419023136246784,-0.033419023136246784,-0.033419023136246784,-0.033419023136246784,-0.002570694087403599
gt,0.002570694087403599,-0.033419023136246784,0.0,0.002570694087403599,0.002570694087403599,0.002570694087403599,0.012853470437017995
minimax,0.0,0.033419023136246784,-0.002570694087403599,0.0,0.0,0.0,0.05398457583547558
gtd,0.0,0.033419023136246784,-0.002570694087403599,0.0,0.0,0.0,0.05398457583547558
Schulze,0.0,0.033419023136246784,-0.002570694087403599,0.0,0.0,0.0,0.05398457583547558
IRV,-0.05398457583547558,0.002570694087403599,-0.012853470437017995,-0.05398457583547558,-0.05398457583547558,-0.05398457583547558,0.0
