,Borda,plurality,gt,minimax,gtd,Schulze,IRV
Borda,0.0,0.022670025188916875,-0.012594458438287154,0.0,0.0,0.0,0.022670025188916875
plurality,-0.022670025188916875,0.0,0.027707808564231738,-0.022670025188916875,-0.022670025188916875,-0.022670025188916875,0.0
gt,0.012594458438287154,-0.027707808564231738,0.0,0.012594458438287154,0.012594458438287154,0.012594458438287154,-0.027707808564231738
minimax,0.0,0.022670025188916875,-0.012594458438287154,0.0,0.0,0.0,0.022670025188916875
gtd,0.0,0.022670025188916875,-0.012594458438287154,0.0,0.0,0.0,0.022670025188916875
Schulze,0.0,0.022670025188916875,-0.012594458438287154,0.0,0.0,0.0,0.022670025188916875
IRV,-0.022670025188916875,0.0,0.027707808564231738,-0.022670025188916875,-0.022670025188916875,-0.022670025188916875,0.0
