,Borda,plurality,gt,minimax,gtd,Schulze,IRV
Borda,0.0,0.037383177570093455,-0.028037383177570093,-0.028037383177570093,-0.028037383177570093,-0.028037383177570093,0.0
plurality,-0.037383177570093455,0.0,0.018691588785046728,0.018691588785046728,0.018691588785046728,0.018691588785046728,-0.037383177570093455
gt,0.028037383177570093,-0.018691588785046728,0.0,0.0,0.0,0.0,0.028037383177570093
minimax,0.028037383177570093,-0.018691588785046728,0.0,0.0,0.0,0.0,0.028037383177570093
gtd,0.028037383177570093,-0.018691588785046728,0.0,0.0,0.0,0.0,0.028037383177570093
Schulze,0.028037383177570093,-0.018691588785046728,0.0,0.0,0.0,0.0,0.028037383177570093
IRV,0.0,0.037383177570093455,-0.028037383177570093,-0.028037383177570093,-0.028037383177570093,-0.028037383177570093,0.0
