,Borda,plurality,gt,minimax,gtd,Schulze,IRV
Borda,0.0,-0.03722084367245657,0.03225806451612903,-0.03722084367245657,0.03225806451612903,-0.03722084367245657,0.03225806451612903
plurality,0.03722084367245657,0.0,-0.022332506203473945,0.0,-0.022332506203473945,0.0,-0.022332506203473945
gt,-0.03225806451612903,0.022332506203473945,0.0,0.022332506203473945,0.0,0.022332506203473945,0.0
minimax,0.03722084367245657,0.0,-0.022332506203473945,0.0,-0.022332506203473945,0.0,-0.022332506203473945
gtd,-0.03225806451612903,0.022332506203473945,0.0,0.022332506203473945,0.0,0.022332506203473945,0.0
Schulze,0.03722084367245657,0.0,-0.022332506203473945,0.0,-0.022332506203473945,0.0,-0.022332506203473945
IRV,-0.03225806451612903,0.022332506203473945,0.0,0.022332506203473945,0.0,0.022332506203473945,0.0
