,Borda,plurality,gt,minimax,gtd,Schulze,IRV
Borda,0.0,0.0,0.0,0.0109204368174727,0.0,0.0109204368174727,-0.0202808112324493
plurality,0.0,0.0,0.0,0.0109204368174727,0.0,0.0109204368174727,-0.0202808112324493
gt,0.0,0.0,0.0,0.0109204368174727,0.0,0.0109204368174727,-0.0202808112324493
minimax,-0.0109204368174727,-0.0109204368174727,-0.0109204368174727,0.0,-0.0109204368174727,0.0,0.0234009360374415
gtd,0.0,0.0,0.0,0.0109204368174727,0.0,0.0109204368174727,-0.0202808112324493
Schulze,-0.0109204368174727,-0.0109204368174727,-0.0109204368174727,0.0,-0.0109204368174727,0.0,0.0234009360374415
IRV,0.0202808112324493,0.0202808112324493,0.0202808112324493,-0.0234009360374415,0.0202808112324493,-0.0234009360374415,0.0
