,Borda,plurality,gt,minimax,gtd,Schulze,IRV
Borda,0.0,0.047619047619047616,0.047619047619047616,0.0,-0.0196078431372549,0.0,0.047619047619047616
plurality,-0.047619047619047616,0.0,0.0,-0.047619047619047616,0.04201680672268908,-0.047619047619047616,0.0
gt,-0.047619047619047616,0.0,0.0,-0.047619047619047616,0.04201680672268908,-0.047619047619047616,0.0
minimax,0.0,0.047619047619047616,0.047619047619047616,0.0,-0.0196078431372549,0.0,0.047619047619047616
gtd,0.0196078431372549,-0.04201680672268908,-0.04201680672268908,0.0196078431372549,0.0,0.0196078431372549,-0.04201680672268908
Schulze,0.0,0.047619047619047616,0.047619047619047616,0.0,-0.0196078431372549,0.0,0.047619047619047616
IRV,-0.047619047619047616,0.0,0.0,-0.047619047619047616,0.04201680672268908,-0.047619047619047616,0.0
