,Borda,plurality,gt,minimax,gtd,Schulze,IRV
Borda,0.0,0.05647840531561462,-0.0033222591362126247,0.0,-0.0033222591362126247,0.0,0.0
plurality,-0.05647840531561462,0.0,0.013289036544850499,-0.05647840531561462,0.013289036544850499,-0.05647840531561462,-0.05647840531561462
gt,0.0033222591362126247,-0.013289036544850499,0.0,0.0033222591362126247,0.0,0.0033222591362126247,0.0033222591362126247
minimax,0.0,0.05647840531561462,-0.0033222591362126247,0.0,-0.0033222591362126247,0.0,0.0
gtd,0.0033222591362126247,-0.013289036544850499,0.0,0.0033222591362126247,0.0,0.0033222591362126247,0.0033222591362126247
Schulze,0.0,0.05647840531561462,-0.0033222591362126247,0.0,-0.0033222591362126247,0.0,0.0
IRV,0.0,0.05647840531561462,-0.0033222591362126247,0.0,-0.0033222591362126247,0.0,0.0
