,Borda,plurality,gt,minimax,gtd,Schulze,IRV
Borda,0.0,0.03430079155672823,-0.0079155672823219,0.0,0.0,0.0,0.03430079155672823
plurality,-0.03430079155672823,0.0,0.10290237467018469,-0.03430079155672823,-0.03430079155672823,-0.03430079155672823,0.0
gt,0.0079155672823219,-0.10290237467018469,0.0,0.0079155672823219,0.0079155672823219,0.0079155672823219,-0.10290237467018469
minimax,0.0,0.03430079155672823,-0.0079155672823219,0.0,0.0,0.0,0.03430079155672823
gtd,0.0,0.03430079155672823,-0.0079155672823219,0.0,0.0,0.0,0.03430079155672823
Schulze,0.0,0.03430079155672823,-0.0079155672823219,0.0,0.0,0.0,0.03430079155672823
IRV,-0.03430079155672823,0.0,0.10290237467018469,-0.03430079155672823,-0.03430079155672823,-0.03430079155672823,0.0
