,Borda,plurality,gt,minimax,gtd,Schulze,IRV
Borda,0.0,-0.027777777777777776,0.05555555555555555,0.0,-0.027777777777777776,0.0,-0.027777777777777776
plurality,0.027777777777777776,0.0,-0.03888888888888889,0.027777777777777776,0.0,0.027777777777777776,0.0
gt,-0.05555555555555555,0.03888888888888889,0.0,-0.05555555555555555,0.03888888888888889,-0.05555555555555555,0.03888888888888889
minimax,0.0,-0.027777777777777776,0.05555555555555555,0.0,-0.027777777777777776,0.0,-0.027777777777777776
gtd,0.027777777777777776,0.0,-0.03888888888888889,0.027777777777777776,0.0,0.027777777777777776,0.0
Schulze,0.0,-0.027777777777777776,0.05555555555555555,0.0,-0.027777777777777776,0.0,-0.027777777777777776
IRV,0.027777777777777776,0.0,-0.03888888888888889,0.027777777777777776,0.0,0.027777777777777776,0.0
