,Borda,plurality,gt,minimax,gtd,Schulze,IRV
Borda,0.0,0.04218362282878412,0.052109181141439205,0.0,-0.007444168734491315,0.0,0.052109181141439205
plurality,-0.04218362282878412,0.0,-0.04218362282878412,-0.04218362282878412,-0.07196029776674938,-0.04218362282878412,-0.04218362282878412
gt,-0.052109181141439205,0.04218362282878412,0.0,-0.052109181141439205,0.007444168734491315,-0.052109181141439205,0.0
minimax,0.0,0.04218362282878412,0.052109181141439205,0.0,-0.007444168734491315,0.0,0.052109181141439205
gtd,0.007444168734491315,0.07196029776674938,-0.007444168734491315,0.007444168734491315,0.0,0.007444168734491315,-0.007444168734491315
Schulze,0.0,0.04218362282878412,0.052109181141439205,0.0,-0.007444168734491315,0.0,0.052109181141439205
IRV,-0.052109181141439205,0.04218362282878412,0.0,-0.052109181141439205,0.007444168734491315,-0.052109181141439205,0.0
