,Borda,plurality,gt,minimax,gtd,Schulze,IRV
Borda,0.0,-0.012433392539964476,0.03374777975133215,0.0,0.0,0.0,0.03374777975133215
plurality,0.012433392539964476,0.0,-0.04085257548845471,0.012433392539964476,0.012433392539964476,0.012433392539964476,-0.04085257548845471
gt,-0.03374777975133215,0.04085257548845471,0.0,-0.03374777975133215,-0.03374777975133215,-0.03374777975133215,0.0
minimax,0.0,-0.012433392539964476,0.03374777975133215,0.0,0.0,0.0,0.03374777975133215
gtd,0.0,-0.012433392539964476,0.03374777975133215,0.0,0.0,0.0,0.03374777975133215
Schulze,0.0,-0.012433392539964476,0.03374777975133215,0.0,0.0,0.0,0.03374777975133215
IRV,-0.03374777975133215,0.04085257548845471,0.0,-0.03374777975133215,-0.03374777975133215,-0.03374777975133215,0.0
