,Borda,plurality,gt,minimax,gtd,Schulze,IRV
Borda,0.0,-0.015544041450777202,0.02072538860103627,0.0,0.0,0.0,-0.015544041450777202
plurality,0.015544041450777202,0.0,-0.03626943005181347,0.015544041450777202,0.015544041450777202,0.015544041450777202,0.0
gt,-0.02072538860103627,0.03626943005181347,0.0,-0.02072538860103627,-0.02072538860103627,-0.02072538860103627,0.03626943005181347
minimax,0.0,-0.015544041450777202,0.02072538860103627,0.0,0.0,0.0,-0.015544041450777202
gtd,0.0,-0.015544041450777202,0.02072538860103627,0.0,0.0,0.0,-0.015544041450777202
Schulze,0.0,-0.015544041450777202,0.02072538860103627,0.0,0.0,0.0,-0.015544041450777202
IRV,0.015544041450777202,0.0,-0.03626943005181347,0.015544041450777202,0.015544041450777202,0.015544041450777202,0.0
