,Borda,plurality,gt,minimax,gtd,Schulze,IRV
Borda,0.0,0.0,0.012594458438287154,0.012594458438287154,0.0,0.012594458438287154,-0.022670025188916875
plurality,0.0,0.0,0.012594458438287154,0.012594458438287154,0.0,0.012594458438287154,-0.022670025188916875
gt,-0.012594458438287154,-0.012594458438287154,0.0,0.0,-0.012594458438287154,0.0,0.0327455919395466
minimax,-0.012594458438287154,-0.012594458438287154,0.0,0.0,-0.012594458438287154,0.0,0.0327455919395466
gtd,0.0,0.0,0.012594458438287154,0.012594458438287154,0.0,0.012594458438287154,-0.022670025188916875
Schulze,-0.012594458438287154,-0.012594458438287154,0.0,0.0,-0.012594458438287154,0.0,0.0327455919395466
IRV,0.022670025188916875,0.022670025188916875,-0.0327455919395466,-0.0327455919395466,0.022670025188916875,-0.0327455919395466,0.0
