,Borda,plurality,gt,minimax,gtd,Schulze,IRV
Borda,0.0,0.021479713603818614,-0.016706443914081145,0.0,0.0,0.0,0.021479713603818614
plurality,-0.021479713603818614,0.0,0.0405727923627685,-0.021479713603818614,-0.021479713603818614,-0.021479713603818614,0.0
gt,0.016706443914081145,-0.0405727923627685,0.0,0.016706443914081145,0.016706443914081145,0.016706443914081145,-0.0405727923627685
minimax,0.0,0.021479713603818614,-0.016706443914081145,0.0,0.0,0.0,0.021479713603818614
gtd,0.0,0.021479713603818614,-0.016706443914081145,0.0,0.0,0.0,0.021479713603818614
Schulze,0.0,0.021479713603818614,-0.016706443914081145,0.0,0.0,0.0,0.021479713603818614
IRV,-0.021479713603818614,0.0,0.0405727923627685,-0.021479713603818614,-0.021479713603818614,-0.021479713603818614,0.0
