,Borda,plurality,gt,minimax,gtd,Schulze,IRV
Borda,0.0,0.0,0.03428571428571429,-0.022857142857142857,-0.022857142857142857,-0.022857142857142857,-0.022857142857142857
plurality,0.0,0.0,0.03428571428571429,-0.022857142857142857,-0.022857142857142857,-0.022857142857142857,-0.022857142857142857
gt,-0.03428571428571429,-0.03428571428571429,0.0,0.005714285714285714,0.005714285714285714,0.005714285714285714,0.005714285714285714
minimax,0.022857142857142857,0.022857142857142857,-0.005714285714285714,0.0,0.0,0.0,0.0
gtd,0.022857142857142857,0.022857142857142857,-0.005714285714285714,0.0,0.0,0.0,0.0
Schulze,0.022857142857142857,0.022857142857142857,-0.005714285714285714,0.0,0.0,0.0,0.0
IRV,0.022857142857142857,0.022857142857142857,-0.005714285714285714,0.0,0.0,0.0,0.0
