,Borda,plurality,gt,minimax,gtd,Schulze,IRV
Borda,0.0,0.0297029702970297,-0.024752475247524754,-0.024752475247524754,-0.024752475247524754,-0.024752475247524754,0.0297029702970297
plurality,-0.0297029702970297,0.0,0.0049504950495049506,0.0049504950495049506,0.0049504950495049506,0.0049504950495049506,0.0
gt,0.024752475247524754,-0.0049504950495049506,0.0,0.0,0.0,0.0,-0.0049504950495049506
minimax,0.024752475247524754,-0.0049504950495049506,0.0,0.0,0.0,0.0,-0.0049504950495049506
gtd,0.024752475247524754,-0.0049504950495049506,0.0,0.0,0.0,0.0,-0.0049504950495049506
Schulze,0.024752475247524754,-0.0049504950495049506,0.0,0.0,0.0,0.0,-0.0049504950495049506
IRV,-0.0297029702970297,0.0,0.0049504950495049506,0.0049504950495049506,0.0049504950495049506,0.0049504950495049506,0.0
