,Borda,plurality,gt,minimax,gtd,Schulze,IRV
Borda,0.0,0.0,0.005025125628140704,0.005025125628140704,0.0,0.005025125628140704,-0.02512562814070352
plurality,0.0,0.0,0.005025125628140704,0.005025125628140704,0.0,0.005025125628140704,-0.02512562814070352
gt,-0.005025125628140704,-0.005025125628140704,0.0,0.0,-0.005025125628140704,0.0,0.035175879396984924
minimax,-0.005025125628140704,-0.005025125628140704,0.0,0.0,-0.005025125628140704,0.0,0.035175879396984924
gtd,0.0,0.0,0.005025125628140704,0.005025125628140704,0.0,0.005025125628140704,-0.02512562814070352
Schulze,-0.005025125628140704,-0.005025125628140704,0.0,0.0,-0.005025125628140704,0.0,0.035175879396984924
IRV,0.02512562814070352,0.02512562814070352,-0.035175879396984924,-0.035175879396984924,0.02512562814070352,-0.035175879396984924,0.0
