,Borda,plurality,gt,minimax,gtd,Schulze,IRV
Borda,0.0,0.05289672544080604,-0.0025188916876574307,0.0,-0.0025188916876574307,0.0,0.0
plurality,-0.05289672544080604,0.0,0.037783375314861464,-0.05289672544080604,0.037783375314861464,-0.05289672544080604,-0.05289672544080604
gt,0.0025188916876574307,-0.037783375314861464,0.0,0.0025188916876574307,0.0,0.0025188916876574307,0.0025188916876574307
minimax,0.0,0.05289672544080604,-0.0025188916876574307,0.0,-0.0025188916876574307,0.0,0.0
gtd,0.0025188916876574307,-0.037783375314861464,0.0,0.0025188916876574307,0.0,0.0025188916876574307,0.0025188916876574307
Schulze,0.0,0.05289672544080604,-0.0025188916876574307,0.0,-0.0025188916876574307,0.0,0.0
IRV,0.0,0.05289672544080604,-0.0025188916876574307,0.0,-0.0025188916876574307,0.0,0.0
