,Borda,plurality,gt,minimax,gtd,Schulze,IRV
Borda,0.0,0.14660831509846828,0.015317286652078774,0.0,0.0,0.0,0.015317286652078774
plurality,-0.14660831509846828,0.0,-0.08533916849015317,-0.14660831509846828,-0.14660831509846828,-0.14660831509846828,-0.08533916849015317
gt,-0.015317286652078774,0.08533916849015317,0.0,-0.015317286652078774,-0.015317286652078774,-0.015317286652078774,0.0
minimax,0.0,0.14660831509846828,0.015317286652078774,0.0,0.0,0.0,0.015317286652078774
gtd,0.0,0.14660831509846828,0.015317286652078774,0.0,0.0,0.0,0.015317286652078774
Schulze,0.0,0.14660831509846828,0.015317286652078774,0.0,0.0,0.0,0.015317286652078774
IRV,-0.015317286652078774,0.08533916849015317,0.0,-0.015317286652078774,-0.015317286652078774,-0.015317286652078774,0.0
