,Borda,plurality,gt,minimax,gtd,Schulze,IRV
Borda,0.0,0.0163265306122449,-0.02857142857142857,0.0163265306122449,0.0,0.0163265306122449,0.0
plurality,-0.0163265306122449,0.0,0.04897959183673469,0.0,-0.0163265306122449,0.0,-0.0163265306122449
gt,0.02857142857142857,-0.04897959183673469,0.0,-0.04897959183673469,0.02857142857142857,-0.04897959183673469,0.02857142857142857
minimax,-0.0163265306122449,0.0,0.04897959183673469,0.0,-0.0163265306122449,0.0,-0.0163265306122449
gtd,0.0,0.0163265306122449,-0.02857142857142857,0.0163265306122449,0.0,0.0163265306122449,0.0
Schulze,-0.0163265306122449,0.0,0.04897959183673469,0.0,-0.0163265306122449,0.0,-0.0163265306122449
IRV,0.0,0.0163265306122449,-0.02857142857142857,0.0163265306122449,0.0,0.0163265306122449,0.0
