,Borda,plurality,gt,minimax,gtd,Schulze,IRV
Borda,0.0,-0.05483028720626632,0.0391644908616188,-0.05483028720626632,0.0391644908616188,-0.05483028720626632,0.0391644908616188
plurality,0.05483028720626632,0.0,-0.007832898172323759,0.0,-0.007832898172323759,0.0,-0.007832898172323759
gt,-0.0391644908616188,0.007832898172323759,0.0,0.007832898172323759,0.0,0.007832898172323759,0.0
minimax,0.05483028720626632,0.0,-0.007832898172323759,0.0,-0.007832898172323759,0.0,-0.007832898172323759
gtd,-0.0391644908616188,0.007832898172323759,0.0,0.007832898172323759,0.0,0.007832898172323759,0.0
Schulze,0.05483028720626632,0.0,-0.007832898172323759,0.0,-0.007832898172323759,0.0,-0.007832898172323759
IRV,-0.0391644908616188,0.007832898172323759,0.0,0.007832898172323759,0.0,0.007832898172323759,0.0
