,Borda,plurality,gt,minimax,gtd,Schulze,IRV
Borda,0.0,0.007898894154818325,-0.011058451816745656,0.007898894154818325,0.0,0.007898894154818325,0.0
plurality,-0.007898894154818325,0.0,0.09004739336492891,0.0,-0.007898894154818325,0.0,-0.007898894154818325
gt,0.011058451816745656,-0.09004739336492891,0.0,-0.09004739336492891,0.011058451816745656,-0.09004739336492891,0.011058451816745656
minimax,-0.007898894154818325,0.0,0.09004739336492891,0.0,-0.007898894154818325,0.0,-0.007898894154818325
gtd,0.0,0.007898894154818325,-0.011058451816745656,0.007898894154818325,0.0,0.007898894154818325,0.0
Schulze,-0.007898894154818325,0.0,0.09004739336492891,0.0,-0.007898894154818325,0.0,-0.007898894154818325
IRV,0.0,0.007898894154818325,-0.011058451816745656,0.007898894154818325,0.0,0.007898894154818325,0.0
