,Borda,plurality,gt,minimax,gtd,Schulze,IRV
Borda,0.0,-0.03153988868274583,0.0575139146567718,-0.03153988868274583,-0.03153988868274583,-0.03153988868274583,0.0575139146567718
plurality,0.03153988868274583,0.0,-0.0055658627087198514,0.0,0.0,0.0,-0.0055658627087198514
gt,-0.0575139146567718,0.0055658627087198514,0.0,0.0055658627087198514,0.0055658627087198514,0.0055658627087198514,0.0
minimax,0.03153988868274583,0.0,-0.0055658627087198514,0.0,0.0,0.0,-0.0055658627087198514
gtd,0.03153988868274583,0.0,-0.0055658627087198514,0.0,0.0,0.0,-0.0055658627087198514
Schulze,0.03153988868274583,0.0,-0.0055658627087198514,0.0,0.0,0.0,-0.0055658627087198514
IRV,-0.0575139146567718,0.0055658627087198514,0.0,0.0055658627087198514,0.0055658627087198514,0.0055658627087198514,0.0
