,Borda,plurality,gt,minimax,gtd,Schulze,IRV
Borda,0.0,-0.023746701846965697,0.05013192612137203,0.0,-0.023746701846965697,0.0,-0.023746701846965697
plurality,0.023746701846965697,0.0,-0.044854881266490766,0.023746701846965697,0.0,0.023746701846965697,0.0
gt,-0.05013192612137203,0.044854881266490766,0.0,-0.05013192612137203,0.044854881266490766,-0.05013192612137203,0.044854881266490766
minimax,0.0,-0.023746701846965697,0.05013192612137203,0.0,-0.023746701846965697,0.0,-0.023746701846965697
gtd,0.023746701846965697,0.0,-0.044854881266490766,0.023746701846965697,0.0,0.023746701846965697,0.0
Schulze,0.0,-0.023746701846965697,0.05013192612137203,0.0,-0.023746701846965697,0.0,-0.023746701846965697
IRV,0.023746701846965697,0.0,-0.044854881266490766,0.023746701846965697,0.0,0.023746701846965697,0.0
