,Borda,plurality,gt,minimax,gtd,Schulze,IRV
Borda,0.0,0.04815864022662889,-0.0028328611898017,0.0,-0.0028328611898017,0.0,0.0
plurality,-0.04815864022662889,0.0,0.025495750708215296,-0.04815864022662889,0.025495750708215296,-0.04815864022662889,-0.04815864022662889
gt,0.0028328611898017,-0.025495750708215296,0.0,0.0028328611898017,0.0,0.0028328611898017,0.0028328611898017
minimax,0.0,0.04815864022662889,-0.0028328611898017,0.0,-0.0028328611898017,0.0,0.0
gtd,0.0028328611898017,-0.025495750708215296,0.0,0.0028328611898017,0.0,0.0028328611898017,0.0028328611898017
Schulze,0.0,0.04815864022662889,-0.0028328611898017,0.0,-0.0028328611898017,0.0,0.0
IRV,0.0,0.04815864022662889,-0.0028328611898017,0.0,-0.0028328611898017,0.0,0.0
