,Borda,plurality,gt,minimax,gtd,Schulze,IRV
Borda,0.0,0.0,0.0,0.014084507042253521,0.0,0.014084507042253521,-0.04225352112676056
plurality,0.0,0.0,0.0,0.014084507042253521,0.0,0.014084507042253521,-0.04225352112676056
gt,0.0,0.0,0.0,0.014084507042253521,0.0,0.014084507042253521,-0.04225352112676056
minimax,-0.014084507042253521,-0.014084507042253521,-0.014084507042253521,0.0,-0.014084507042253521,0.0,0.08169014084507042
gtd,0.0,0.0,0.0,0.014084507042253521,0.0,0.014084507042253521,-0.04225352112676056
Schulze,-0.014084507042253521,-0.014084507042253521,-0.014084507042253521,0.0,-0.014084507042253521,0.0,0.08169014084507042
IRV,0.04225352112676056,0.04225352112676056,0.04225352112676056,-0.08169014084507042,0.04225352112676056,-0.08169014084507042,0.0
