,Borda,plurality,gt,minimax,gtd,Schulze,IRV
Borda,0.0,-0.009845288326300985,0.012658227848101266,0.0,0.0,0.0,0.012658227848101266
plurality,0.009845288326300985,0.0,-0.015471167369901548,0.009845288326300985,0.009845288326300985,0.009845288326300985,-0.015471167369901548
gt,-0.012658227848101266,0.015471167369901548,0.0,-0.012658227848101266,-0.012658227848101266,-0.012658227848101266,0.0
minimax,0.0,-0.009845288326300985,0.012658227848101266,0.0,0.0,0.0,0.012658227848101266
gtd,0.0,-0.009845288326300985,0.012658227848101266,0.0,0.0,0.0,0.012658227848101266
Schulze,0.0,-0.009845288326300985,0.012658227848101266,0.0,0.0,0.0,0.012658227848101266
IRV,-0.012658227848101266,0.015471167369901548,0.0,-0.012658227848101266,-0.012658227848101266,-0.012658227848101266,0.0
