,Borda,plurality,gt,minimax,gtd,Schulze,IRV
Borda,0.0,0.08664259927797834,-0.0036101083032490976,0.0,-0.0036101083032490976,0.0,0.0
plurality,-0.08664259927797834,0.0,-0.05776173285198556,-0.08664259927797834,-0.05776173285198556,-0.08664259927797834,-0.08664259927797834
gt,0.0036101083032490976,0.05776173285198556,0.0,0.0036101083032490976,0.0,0.0036101083032490976,0.0036101083032490976
minimax,0.0,0.08664259927797834,-0.0036101083032490976,0.0,-0.0036101083032490976,0.0,0.0
gtd,0.0036101083032490976,0.05776173285198556,0.0,0.0036101083032490976,0.0,0.0036101083032490976,0.0036101083032490976
Schulze,0.0,0.08664259927797834,-0.0036101083032490976,0.0,-0.0036101083032490976,0.0,0.0
IRV,0.0,0.08664259927797834,-0.0036101083032490976,0.0,-0.0036101083032490976,0.0,0.0
