,Borda,plurality,gt,minimax,gtd,Schulze,IRV
Borda,0.0,0.0,0.023972602739726026,-0.0136986301369863,-0.0136986301369863,-0.0136986301369863,-0.0136986301369863
plurality,0.0,0.0,0.023972602739726026,-0.0136986301369863,-0.0136986301369863,-0.0136986301369863,-0.0136986301369863
gt,-0.023972602739726026,-0.023972602739726026,0.0,0.003424657534246575,0.003424657534246575,0.003424657534246575,0.003424657534246575
minimax,0.0136986301369863,0.0136986301369863,-0.003424657534246575,0.0,0.0,0.0,0.0
gtd,0.0136986301369863,0.0136986301369863,-0.003424657534246575,0.0,0.0,0.0,0.0
Schulze,0.0136986301369863,0.0136986301369863,-0.003424657534246575,0.0,0.0,0.0,0.0
IRV,0.0136986301369863,0.0136986301369863,-0.003424657534246575,0.0,0.0,0.0,0.0
