,Borda,plurality,gt,minimax,gtd,Schulze,IRV
Borda,0.0,0.09170305676855896,-0.021834061135371178,0.0,-0.021834061135371178,0.0,0.0
plurality,-0.09170305676855896,0.0,-0.017467248908296942,-0.09170305676855896,-0.017467248908296942,-0.09170305676855896,-0.09170305676855896
gt,0.021834061135371178,0.017467248908296942,0.0,0.021834061135371178,0.0,0.021834061135371178,0.021834061135371178
minimax,0.0,0.09170305676855896,-0.021834061135371178,0.0,-0.021834061135371178,0.0,0.0
gtd,0.021834061135371178,0.017467248908296942,0.0,0.021834061135371178,0.0,0.021834061135371178,0.021834061135371178
Schulze,0.0,0.09170305676855896,-0.021834061135371178,0.0,-0.021834061135371178,0.0,0.0
IRV,0.0,0.09170305676855896,-0.021834061135371178,0.0,-0.021834061135371178,0.0,0.0
