,Borda,plurality,gt,minimax,gtd,Schulze,IRV
Borda,0.0,0.2032520325203252,0.0,-0.02981029810298103,0.018970189701897018,-0.02981029810298103,0.018970189701897018
plurality,-0.2032520325203252,0.0,-0.2032520325203252,-0.12195121951219512,-0.13279132791327913,-0.12195121951219512,-0.13279132791327913
gt,0.0,0.2032520325203252,0.0,-0.02981029810298103,0.018970189701897018,-0.02981029810298103,0.018970189701897018
minimax,0.02981029810298103,0.12195121951219512,0.02981029810298103,0.0,-0.013550135501355014,0.0,-0.013550135501355014
gtd,-0.018970189701897018,0.13279132791327913,-0.018970189701897018,0.013550135501355014,0.0,0.013550135501355014,0.0
Schulze,0.02981029810298103,0.12195121951219512,0.02981029810298103,0.0,-0.013550135501355014,0.0,-0.013550135501355014
IRV,-0.018970189701897018,0.13279132791327913,-0.018970189701897018,0.013550135501355014,0.0,0.013550135501355014,0.0
