,Borda,plurality,gt,minimax,gtd,Schulze,IRV
Borda,0.0,0.0546448087431694,-0.0273224043715847,0.0,-0.0273224043715847,0.0,0.0
plurality,-0.0546448087431694,0.0,0.04371584699453552,-0.0546448087431694,0.04371584699453552,-0.0546448087431694,-0.0546448087431694
gt,0.0273224043715847,-0.04371584699453552,0.0,0.0273224043715847,0.0,0.0273224043715847,0.0273224043715847
minimax,0.0,0.0546448087431694,-0.0273224043715847,0.0,-0.0273224043715847,0.0,0.0
gtd,0.0273224043715847,-0.04371584699453552,0.0,0.0273224043715847,0.0,0.0273224043715847,0.0273224043715847
Schulze,0.0,0.0546448087431694,-0.0273224043715847,0.0,-0.0273224043715847,0.0,0.0
IRV,0.0,0.0546448087431694,-0.0273224043715847,0.0,-0.0273224043715847,0.0,0.0
