,Borda,plurality,gt,minimax,gtd,Schulze,IRV
Borda,0.0,0.01453104359313078,-0.001321003963011889,0.0,-0.001321003963011889,0.0,-0.001321003963011889
plurality,-0.01453104359313078,0.0,0.0066050198150594455,-0.01453104359313078,0.0066050198150594455,-0.01453104359313078,0.0066050198150594455
gt,0.001321003963011889,-0.0066050198150594455,0.0,0.001321003963011889,0.0,0.001321003963011889,0.0
minimax,0.0,0.01453104359313078,-0.001321003963011889,0.0,-0.001321003963011889,0.0,-0.001321003963011889
gtd,0.001321003963011889,-0.0066050198150594455,0.0,0.001321003963011889,0.0,0.001321003963011889,0.0
Schulze,0.0,0.01453104359313078,-0.001321003963011889,0.0,-0.001321003963011889,0.0,-0.001321003963011889
IRV,0.001321003963011889,-0.0066050198150594455,0.0,0.001321003963011889,0.0,0.001321003963011889,0.0
