,Borda,plurality,gt,minimax,gtd,Schulze,IRV
Borda,0.0,-0.04709141274238227,0.0,0.019390581717451522,0.019390581717451522,0.019390581717451522,0.019390581717451522
plurality,0.04709141274238227,0.0,0.04709141274238227,-0.024930747922437674,-0.024930747922437674,-0.024930747922437674,-0.024930747922437674
gt,0.0,-0.04709141274238227,0.0,0.019390581717451522,0.019390581717451522,0.019390581717451522,0.019390581717451522
minimax,-0.019390581717451522,0.024930747922437674,-0.019390581717451522,0.0,0.0,0.0,0.0
gtd,-0.019390581717451522,0.024930747922437674,-0.019390581717451522,0.0,0.0,0.0,0.0
Schulze,-0.019390581717451522,0.024930747922437674,-0.019390581717451522,0.0,0.0,0.0,0.0
IRV,-0.019390581717451522,0.024930747922437674,-0.019390581717451522,0.0,0.0,0.0,0.0
