,Borda,plurality,gt,minimax,gtd,Schulze,IRV
Borda,0.0,-0.015306122448979591,0.02040816326530612,-0.015306122448979591,-0.015306122448979591,-0.015306122448979591,0.02040816326530612
plurality,0.015306122448979591,0.0,-0.01020408163265306,0.0,0.0,0.0,-0.01020408163265306
gt,-0.02040816326530612,0.01020408163265306,0.0,0.01020408163265306,0.01020408163265306,0.01020408163265306,0.0
minimax,0.015306122448979591,0.0,-0.01020408163265306,0.0,0.0,0.0,-0.01020408163265306
gtd,0.015306122448979591,0.0,-0.01020408163265306,0.0,0.0,0.0,-0.01020408163265306
Schulze,0.015306122448979591,0.0,-0.01020408163265306,0.0,0.0,0.0,-0.01020408163265306
IRV,-0.02040816326530612,0.01020408163265306,0.0,0.01020408163265306,0.01020408163265306,0.01020408163265306,0.0
