,Borda,plurality,gt,minimax,gtd,Schulze,IRV
Borda,0.0,-0.011450381679389313,0.08396946564885496,0.0,-0.011450381679389313,0.0,-0.011450381679389313
plurality,0.011450381679389313,0.0,-0.022900763358778626,0.011450381679389313,0.0,0.011450381679389313,0.0
gt,-0.08396946564885496,0.022900763358778626,0.0,-0.08396946564885496,0.022900763358778626,-0.08396946564885496,0.022900763358778626
minimax,0.0,-0.011450381679389313,0.08396946564885496,0.0,-0.011450381679389313,0.0,-0.011450381679389313
gtd,0.011450381679389313,0.0,-0.022900763358778626,0.011450381679389313,0.0,0.011450381679389313,0.0
Schulze,0.0,-0.011450381679389313,0.08396946564885496,0.0,-0.011450381679389313,0.0,-0.011450381679389313
IRV,0.011450381679389313,0.0,-0.022900763358778626,0.011450381679389313,0.0,0.011450381679389313,0.0
