,Borda,plurality,gt,minimax,gtd,Schulze,IRV
Borda,0.0,-0.002070393374741201,0.039337474120082816,0.0,-0.002070393374741201,0.0,-0.002070393374741201
plurality,0.002070393374741201,0.0,-0.004140786749482402,0.002070393374741201,0.0,0.002070393374741201,0.0
gt,-0.039337474120082816,0.004140786749482402,0.0,-0.039337474120082816,0.004140786749482402,-0.039337474120082816,0.004140786749482402
minimax,0.0,-0.002070393374741201,0.039337474120082816,0.0,-0.002070393374741201,0.0,-0.002070393374741201
gtd,0.002070393374741201,0.0,-0.004140786749482402,0.002070393374741201,0.0,0.002070393374741201,0.0
Schulze,0.0,-0.002070393374741201,0.039337474120082816,0.0,-0.002070393374741201,0.0,-0.002070393374741201
IRV,0.002070393374741201,0.0,-0.004140786749482402,0.002070393374741201,0.0,0.002070393374741201,0.0
