,Borda,plurality,gt,minimax,gtd,Schulze,IRV
Borda,0.0,-0.020942408376963352,0.03664921465968586,-0.020942408376963352,-0.020942408376963352,-0.020942408376963352,0.03664921465968586
plurality,0.020942408376963352,0.0,-0.010471204188481676,0.0,0.0,0.0,-0.010471204188481676
gt,-0.03664921465968586,0.010471204188481676,0.0,0.010471204188481676,0.010471204188481676,0.010471204188481676,0.0
minimax,0.020942408376963352,0.0,-0.010471204188481676,0.0,0.0,0.0,-0.010471204188481676
gtd,0.020942408376963352,0.0,-0.010471204188481676,0.0,0.0,0.0,-0.010471204188481676
Schulze,0.020942408376963352,0.0,-0.010471204188481676,0.0,0.0,0.0,-0.010471204188481676
IRV,-0.03664921465968586,0.010471204188481676,0.0,0.010471204188481676,0.010471204188481676,0.010471204188481676,0.0
