,Borda,plurality,gt,minimax,gtd,Schulze,IRV
Borda,0.0,-0.024875621890547265,0.03980099502487562,-0.024875621890547265,-0.024875621890547265,-0.024875621890547265,0.03980099502487562
plurality,0.024875621890547265,0.0,-0.004975124378109453,0.0,0.0,0.0,-0.004975124378109453
gt,-0.03980099502487562,0.004975124378109453,0.0,0.004975124378109453,0.004975124378109453,0.004975124378109453,0.0
minimax,0.024875621890547265,0.0,-0.004975124378109453,0.0,0.0,0.0,-0.004975124378109453
gtd,0.024875621890547265,0.0,-0.004975124378109453,0.0,0.0,0.0,-0.004975124378109453
Schulze,0.024875621890547265,0.0,-0.004975124378109453,0.0,0.0,0.0,-0.004975124378109453
IRV,-0.03980099502487562,0.004975124378109453,0.0,0.004975124378109453,0.004975124378109453,0.004975124378109453,0.0
