,Borda,plurality,gt,minimax,gtd,Schulze,IRV
Borda,0.0,0.06471816283924843,-0.0020876826722338203,0.0,-0.0020876826722338203,0.0,0.0
plurality,-0.06471816283924843,0.0,0.018789144050104383,-0.06471816283924843,0.018789144050104383,-0.06471816283924843,-0.06471816283924843
gt,0.0020876826722338203,-0.018789144050104383,0.0,0.0020876826722338203,0.0,0.0020876826722338203,0.0020876826722338203
minimax,0.0,0.06471816283924843,-0.0020876826722338203,0.0,-0.0020876826722338203,0.0,0.0
gtd,0.0020876826722338203,-0.018789144050104383,0.0,0.0020876826722338203,0.0,0.0020876826722338203,0.0020876826722338203
Schulze,0.0,0.06471816283924843,-0.0020876826722338203,0.0,-0.0020876826722338203,0.0,0.0
IRV,0.0,0.06471816283924843,-0.0020876826722338203,0.0,-0.0020876826722338203,0.0,0.0
