,Borda,plurality,gt,minimax,gtd,Schulze,IRV
Borda,0.0,-0.027777777777777776,0.07777777777777778,-0.027777777777777776,-0.027777777777777776,-0.027777777777777776,0.07777777777777778
plurality,0.027777777777777776,0.0,-0.005555555555555556,0.0,0.0,0.0,-0.005555555555555556
gt,-0.07777777777777778,0.005555555555555556,0.0,0.005555555555555556,0.005555555555555556,0.005555555555555556,0.0
minimax,0.027777777777777776,0.0,-0.005555555555555556,0.0,0.0,0.0,-0.005555555555555556
gtd,0.027777777777777776,0.0,-0.005555555555555556,0.0,0.0,0.0,-0.005555555555555556
Schulze,0.027777777777777776,0.0,-0.005555555555555556,0.0,0.0,0.0,-0.005555555555555556
IRV,-0.07777777777777778,0.005555555555555556,0.0,0.005555555555555556,0.005555555555555556,0.005555555555555556,0.0
