,Borda,plurality,gt,minimax,gtd,Schulze,IRV
Borda,0.0,0.08685968819599109,0.0378619153674833,0.0,0.0,0.0,0.0378619153674833
plurality,-0.08685968819599109,0.0,-0.08240534521158129,-0.08685968819599109,-0.08685968819599109,-0.08685968819599109,-0.08240534521158129
gt,-0.0378619153674833,0.08240534521158129,0.0,-0.0378619153674833,-0.0378619153674833,-0.0378619153674833,0.0
minimax,0.0,0.08685968819599109,0.0378619153674833,0.0,0.0,0.0,0.0378619153674833
gtd,0.0,0.08685968819599109,0.0378619153674833,0.0,0.0,0.0,0.0378619153674833
Schulze,0.0,0.08685968819599109,0.0378619153674833,0.0,0.0,0.0,0.0378619153674833
IRV,-0.0378619153674833,0.08240534521158129,0.0,-0.0378619153674833,-0.0378619153674833,-0.0378619153674833,0.0
