,Borda,plurality,gt,minimax,gtd,Schulze,IRV
Borda,0.0,0.0423572744014733,-0.01289134438305709,0.0,-0.01289134438305709,0.0,0.0
plurality,-0.0423572744014733,0.0,0.02394106813996317,-0.0423572744014733,0.02394106813996317,-0.0423572744014733,-0.0423572744014733
gt,0.01289134438305709,-0.02394106813996317,0.0,0.01289134438305709,0.0,0.01289134438305709,0.01289134438305709
minimax,0.0,0.0423572744014733,-0.01289134438305709,0.0,-0.01289134438305709,0.0,0.0
gtd,0.01289134438305709,-0.02394106813996317,0.0,0.01289134438305709,0.0,0.01289134438305709,0.01289134438305709
Schulze,0.0,0.0423572744014733,-0.01289134438305709,0.0,-0.01289134438305709,0.0,0.0
IRV,0.0,0.0423572744014733,-0.01289134438305709,0.0,-0.01289134438305709,0.0,0.0
