,Borda,plurality,gt,minimax,gtd,Schulze,IRV
Borda,0.0,-0.02689486552567237,0.012224938875305624,0.012224938875305624,0.012224938875305624,0.012224938875305624,-0.02689486552567237
plurality,0.02689486552567237,0.0,-0.022004889975550123,-0.022004889975550123,-0.022004889975550123,-0.022004889975550123,0.0
gt,-0.012224938875305624,0.022004889975550123,0.0,0.0,0.0,0.0,0.022004889975550123
minimax,-0.012224938875305624,0.022004889975550123,0.0,0.0,0.0,0.0,0.022004889975550123
gtd,-0.012224938875305624,0.022004889975550123,0.0,0.0,0.0,0.0,0.022004889975550123
Schulze,-0.012224938875305624,0.022004889975550123,0.0,0.0,0.0,0.0,0.022004889975550123
IRV,0.02689486552567237,0.0,-0.022004889975550123,-0.022004889975550123,-0.022004889975550123,-0.022004889975550123,0.0
