,Borda,plurality,gt,minimax,gtd,Schulze,IRV
Borda,0.0,0.08587257617728532,-0.013850415512465374,0.0,-0.013850415512465374,0.0,0.0
plurality,-0.08587257617728532,0.0,-0.09141274238227147,-0.08587257617728532,-0.09141274238227147,-0.08587257617728532,-0.08587257617728532
gt,0.013850415512465374,0.09141274238227147,0.0,0.013850415512465374,0.0,0.013850415512465374,0.013850415512465374
minimax,0.0,0.08587257617728532,-0.013850415512465374,0.0,-0.013850415512465374,0.0,0.0
gtd,0.013850415512465374,0.09141274238227147,0.0,0.013850415512465374,0.0,0.013850415512465374,0.013850415512465374
Schulze,0.0,0.08587257617728532,-0.013850415512465374,0.0,-0.013850415512465374,0.0,0.0
IRV,0.0,0.08587257617728532,-0.013850415512465374,0.0,-0.013850415512465374,0.0,0.0
