,Borda,plurality,gt,minimax,gtd,Schulze,IRV
Borda,0.0,-0.01282051282051282,0.021367521367521368,0.0,0.0,0.0,-0.01282051282051282
plurality,0.01282051282051282,0.0,-0.042735042735042736,0.01282051282051282,0.01282051282051282,0.01282051282051282,0.0
gt,-0.021367521367521368,0.042735042735042736,0.0,-0.021367521367521368,-0.021367521367521368,-0.021367521367521368,0.042735042735042736
minimax,0.0,-0.01282051282051282,0.021367521367521368,0.0,0.0,0.0,-0.01282051282051282
gtd,0.0,-0.01282051282051282,0.021367521367521368,0.0,0.0,0.0,-0.01282051282051282
Schulze,0.0,-0.01282051282051282,0.021367521367521368,0.0,0.0,0.0,-0.01282051282051282
IRV,0.01282051282051282,0.0,-0.042735042735042736,0.01282051282051282,0.01282051282051282,0.01282051282051282,0.0
