,Borda,plurality,gt,minimax,gtd,Schulze,IRV
Borda,0.0,-0.02654867256637168,0.061946902654867256,0.0,-0.02654867256637168,0.0,-0.02654867256637168
plurality,0.02654867256637168,0.0,-0.030973451327433628,0.02654867256637168,0.0,0.02654867256637168,0.0
gt,-0.061946902654867256,0.030973451327433628,0.0,-0.061946902654867256,0.030973451327433628,-0.061946902654867256,0.030973451327433628
minimax,0.0,-0.02654867256637168,0.061946902654867256,0.0,-0.02654867256637168,0.0,-0.02654867256637168
gtd,0.02654867256637168,0.0,-0.030973451327433628,0.02654867256637168,0.0,0.02654867256637168,0.0
Schulze,0.0,-0.02654867256637168,0.061946902654867256,0.0,-0.02654867256637168,0.0,-0.02654867256637168
IRV,0.02654867256637168,0.0,-0.030973451327433628,0.02654867256637168,0.0,0.02654867256637168,0.0
