,Borda,plurality,gt,minimax,gtd,Schulze,IRV
Borda,0.0,0.03571428571428571,-0.023809523809523808,0.0,-0.023809523809523808,0.0,0.0
plurality,-0.03571428571428571,0.0,0.031746031746031744,-0.03571428571428571,0.031746031746031744,-0.03571428571428571,-0.03571428571428571
gt,0.023809523809523808,-0.031746031746031744,0.0,0.023809523809523808,0.0,0.023809523809523808,0.023809523809523808
minimax,0.0,0.03571428571428571,-0.023809523809523808,0.0,-0.023809523809523808,0.0,0.0
gtd,0.023809523809523808,-0.031746031746031744,0.0,0.023809523809523808,0.0,0.023809523809523808,0.023809523809523808
Schulze,0.0,0.03571428571428571,-0.023809523809523808,0.0,-0.023809523809523808,0.0,0.0
IRV,0.0,0.03571428571428571,-0.023809523809523808,0.0,-0.023809523809523808,0.0,0.0
