,Borda,plurality,gt,minimax,gtd,Schulze,IRV
Borda,10000.0,6789.0,8916.0,8970.0,9031.0,8970.0,8310.0
plurality,6789.0,10000.0,7656.0,7652.0,7596.0,7652.0,8082.0
gt,8916.0,7656.0,10000.0,9821.0,9811.0,9821.0,9169.0
minimax,8970.0,7652.0,9821.0,10000.0,9841.0,10000.0,9271.0
gtd,9031.0,7596.0,9811.0,9841.0,10000.0,9841.0,9159.0
Schulze,8970.0,7652.0,9821.0,10000.0,9841.0,10000.0,9271.0
IRV,8310.0,8082.0,9169.0,9271.0,9159.0,9271.0,10000.0
