,Borda,plurality,gt,minimax,gtd,Schulze,IRV
Borda,0.0,21088.0,-4412.0,-8150.0,-9536.0,-8474.0,968.0
plurality,-21088.0,0.0,-21574.0,-25718.0,-26164.0,-26028.0,-24520.0
gt,4412.0,21574.0,0.0,272.0,58.0,132.0,5360.0
minimax,8150.0,25718.0,-272.0,0.0,-3170.0,-104.0,6870.0
gtd,9536.0,26164.0,-58.0,3170.0,0.0,3212.0,7602.0
Schulze,8474.0,26028.0,-132.0,104.0,-3212.0,0.0,6968.0
IRV,-968.0,24520.0,-5360.0,-6870.0,-7602.0,-6968.0,0.0
