,Borda,plurality,gt,minimax,gtd,Schulze,IRV
Borda,10000.0,4787.0,6752.0,7623.0,7044.0,7661.0,6552.0
plurality,4787.0,10000.0,4241.0,4508.0,4361.0,4521.0,4948.0
gt,6752.0,4241.0,10000.0,8048.0,8482.0,8072.0,7020.0
minimax,7623.0,4508.0,8048.0,10000.0,8585.0,9907.0,7289.0
gtd,7044.0,4361.0,8482.0,8585.0,10000.0,8616.0,7297.0
Schulze,7661.0,4521.0,8072.0,9907.0,8616.0,10000.0,7315.0
IRV,6552.0,4948.0,7020.0,7289.0,7297.0,7315.0,10000.0
