,Borda,plurality,gt,minimax,gtd,Schulze,IRV
Borda,10000.0,3285.0,7215.0,7831.0,7445.0,7848.0,5091.0
plurality,3285.0,10000.0,3474.0,3566.0,3526.0,3572.0,4836.0
gt,7215.0,3474.0,10000.0,8474.0,8714.0,8483.0,5282.0
minimax,7831.0,3566.0,8474.0,10000.0,8885.0,9953.0,5432.0
gtd,7445.0,3526.0,8714.0,8885.0,10000.0,8893.0,5398.0
Schulze,7848.0,3572.0,8483.0,9953.0,8893.0,10000.0,5441.0
IRV,5091.0,4836.0,5282.0,5432.0,5398.0,5441.0,10000.0
