,Borda,plurality,gt,minimax,gtd,Schulze,IRV
Borda,10000.0,3600.0,6786.0,7588.0,7446.0,7624.0,5069.0
plurality,3600.0,10000.0,3861.0,3939.0,3921.0,3947.0,5091.0
gt,6786.0,3861.0,10000.0,7823.0,8081.0,7845.0,5281.0
minimax,7588.0,3939.0,7823.0,10000.0,8702.0,9921.0,5534.0
gtd,7446.0,3921.0,8081.0,8702.0,10000.0,8728.0,5513.0
Schulze,7624.0,3947.0,7845.0,9921.0,8728.0,10000.0,5551.0
IRV,5069.0,5091.0,5281.0,5534.0,5513.0,5551.0,10000.0
