,Borda,plurality,gt,minimax,gtd,Schulze,IRV
Borda,10000.0,8570.0,8888.0,9071.0,8904.0,9071.0,8718.0
plurality,8570.0,10000.0,9019.0,9152.0,9036.0,9152.0,9160.0
gt,8888.0,9019.0,10000.0,9701.0,9742.0,9701.0,9530.0
minimax,9071.0,9152.0,9701.0,10000.0,9745.0,10000.0,9545.0
gtd,8904.0,9036.0,9742.0,9745.0,10000.0,9745.0,9585.0
Schulze,9071.0,9152.0,9701.0,10000.0,9745.0,10000.0,9545.0
IRV,8718.0,9160.0,9530.0,9545.0,9585.0,9545.0,10000.0
