,Borda,plurality,gt,minimax,gtd,Schulze,IRV
Borda,10000.0,2024.0,7061.0,7471.0,7408.0,7471.0,4597.0
plurality,2024.0,10000.0,4959.0,4547.0,4616.0,4547.0,7221.0
gt,7061.0,4959.0,10000.0,9588.0,9591.0,9588.0,7158.0
minimax,7471.0,4547.0,9588.0,10000.0,9931.0,10000.0,7120.0
gtd,7408.0,4616.0,9591.0,9931.0,10000.0,9931.0,7137.0
Schulze,7471.0,4547.0,9588.0,10000.0,9931.0,10000.0,7120.0
IRV,4597.0,7221.0,7158.0,7120.0,7137.0,7120.0,10000.0
