,Borda,plurality,gt,minimax,gtd,Schulze,IRV
Borda,0.0,428576.0,-13936.0,-20696.0,-24842.0,-20696.0,118162.0
plurality,-428576.0,0.0,-419634.0,-423788.0,-421414.0,-423788.0,-377704.0
gt,13936.0,419634.0,0.0,-52.0,-164.0,-52.0,120920.0
minimax,20696.0,423788.0,52.0,0.0,-4146.0,0.0,127412.0
gtd,24842.0,421414.0,164.0,4146.0,0.0,4146.0,119770.0
Schulze,20696.0,423788.0,52.0,0.0,-4146.0,0.0,127412.0
IRV,-118162.0,377704.0,-120920.0,-127412.0,-119770.0,-127412.0,0.0
