,Borda,plurality,gt,minimax,gtd,Schulze,IRV
Borda,10000.0,4779.0,8696.0,8975.0,8857.0,8975.0,7192.0
plurality,4779.0,10000.0,5201.0,5204.0,5215.0,5204.0,5939.0
gt,8696.0,5201.0,10000.0,9423.0,9515.0,9423.0,7637.0
minimax,8975.0,5204.0,9423.0,10000.0,9566.0,10000.0,7731.0
gtd,8857.0,5215.0,9515.0,9566.0,10000.0,9566.0,7687.0
Schulze,8975.0,5204.0,9423.0,10000.0,9566.0,10000.0,7731.0
IRV,7192.0,5939.0,7637.0,7731.0,7687.0,7731.0,10000.0
