,Borda,plurality,gt,minimax,gtd,Schulze,IRV
Borda,0.0,472450.0,-28058.0,-47712.0,-60678.0,-49828.0,293490.0
plurality,-472450.0,0.0,-427996.0,-454378.0,-443668.0,-455410.0,-256636.0
gt,28058.0,427996.0,0.0,3722.0,-726.0,1746.0,262080.0
minimax,47712.0,454378.0,-3722.0,0.0,-24368.0,-802.0,294450.0
gtd,60678.0,443668.0,726.0,24368.0,0.0,25078.0,277826.0
Schulze,49828.0,455410.0,-1746.0,802.0,-25078.0,0.0,296546.0
IRV,-293490.0,256636.0,-262080.0,-294450.0,-277826.0,-296546.0,0.0
