,Borda,plurality,gt,minimax,gtd,Schulze,IRV
Borda,0.0,69028.0,-6930.0,-9750.0,-13106.0,-9760.0,43168.0
plurality,-69028.0,0.0,-69992.0,-75134.0,-75878.0,-75024.0,-43226.0
gt,6930.0,69992.0,0.0,772.0,-32.0,692.0,43038.0
minimax,9750.0,75134.0,-772.0,0.0,-3892.0,-92.0,48434.0
gtd,13106.0,75878.0,32.0,3892.0,0.0,3916.0,48968.0
Schulze,9760.0,75024.0,-692.0,92.0,-3916.0,0.0,48498.0
IRV,-43168.0,43226.0,-43038.0,-48434.0,-48968.0,-48498.0,0.0
