,Borda,plurality,gt,minimax,gtd,Schulze,IRV
Borda,10000.0,1942.0,5588.0,6292.0,6205.0,6300.0,2833.0
plurality,1942.0,10000.0,2375.0,2369.0,2507.0,2373.0,3414.0
gt,5588.0,2375.0,10000.0,7163.0,7646.0,7161.0,2993.0
minimax,6292.0,2369.0,7163.0,10000.0,8025.0,9957.0,3073.0
gtd,6205.0,2507.0,7646.0,8025.0,10000.0,8026.0,3171.0
Schulze,6300.0,2373.0,7161.0,9957.0,8026.0,10000.0,3078.0
IRV,2833.0,3414.0,2993.0,3073.0,3171.0,3078.0,10000.0
