,Borda,plurality,gt,minimax,gtd,Schulze,IRV
Borda,0.0,72476.0,-7496.0,-9976.0,-13600.0,-10046.0,46606.0
plurality,-72476.0,0.0,-73840.0,-77804.0,-78798.0,-77932.0,-45406.0
gt,7496.0,73840.0,0.0,392.0,16.0,476.0,45332.0
minimax,9976.0,77804.0,-392.0,0.0,-4336.0,-20.0,50510.0
gtd,13600.0,78798.0,-16.0,4336.0,0.0,4380.0,50952.0
Schulze,10046.0,77932.0,-476.0,20.0,-4380.0,0.0,50644.0
IRV,-46606.0,45406.0,-45332.0,-50510.0,-50952.0,-50644.0,0.0
