,Borda,plurality,gt,minimax,gtd,Schulze,IRV
Borda,10000.0,2482.0,7242.0,7720.0,7355.0,7736.0,4016.0
plurality,2482.0,10000.0,2946.0,2905.0,2990.0,2907.0,4218.0
gt,7242.0,2946.0,10000.0,8706.0,9011.0,8716.0,4558.0
minimax,7720.0,2905.0,8706.0,10000.0,8998.0,9942.0,4536.0
gtd,7355.0,2990.0,9011.0,8998.0,10000.0,9007.0,4618.0
Schulze,7736.0,2907.0,8716.0,9942.0,9007.0,10000.0,4536.0
IRV,4016.0,4218.0,4558.0,4536.0,4618.0,4536.0,10000.0
