,Borda,plurality,gt,minimax,gtd,Schulze,IRV
Borda,10000.0,2663.0,4284.0,6656.0,3985.0,6656.0,1924.0
plurality,2663.0,10000.0,5054.0,5304.0,6736.0,5304.0,4736.0
gt,4284.0,5054.0,10000.0,6262.0,6902.0,6262.0,3728.0
minimax,6656.0,5304.0,6262.0,10000.0,7309.0,10000.0,2607.0
gtd,3985.0,6736.0,6902.0,7309.0,10000.0,7309.0,2855.0
Schulze,6656.0,5304.0,6262.0,10000.0,7309.0,10000.0,2607.0
IRV,1924.0,4736.0,3728.0,2607.0,2855.0,2607.0,10000.0
