,Borda,plurality,gt,minimax,gtd,Schulze,IRV
Borda,10000.0,9680.0,9770.0,9862.0,9839.0,9862.0,9818.0
plurality,9680.0,10000.0,9590.0,9647.0,9613.0,9647.0,9670.0
gt,9770.0,9590.0,10000.0,9859.0,9884.0,9859.0,9835.0
minimax,9862.0,9647.0,9859.0,10000.0,9903.0,10000.0,9928.0
gtd,9839.0,9613.0,9884.0,9903.0,10000.0,9903.0,9878.0
Schulze,9862.0,9647.0,9859.0,10000.0,9903.0,10000.0,9928.0
IRV,9818.0,9670.0,9835.0,9928.0,9878.0,9928.0,10000.0
