,Borda,plurality,gt,minimax,gtd,Schulze,IRV
Borda,1000.0,611.0,749.0,807.0,752.0,809.0,715.0
plurality,611.0,1000.0,620.0,629.0,625.0,632.0,665.0
gt,749.0,620.0,1000.0,877.0,916.0,880.0,798.0
minimax,807.0,629.0,877.0,1000.0,900.0,995.0,795.0
gtd,752.0,625.0,916.0,900.0,1000.0,902.0,809.0
Schulze,809.0,632.0,880.0,995.0,902.0,1000.0,797.0
IRV,715.0,665.0,798.0,795.0,809.0,797.0,1000.0
