,Borda,plurality,gt,minimax,gtd,Schulze,IRV
Borda,1000.0,499.0,683.0,759.0,690.0,762.0,639.0
plurality,499.0,1000.0,464.0,494.0,482.0,498.0,531.0
gt,683.0,464.0,1000.0,824.0,862.0,825.0,731.0
minimax,759.0,494.0,824.0,1000.0,852.0,990.0,739.0
gtd,690.0,482.0,862.0,852.0,1000.0,854.0,749.0
Schulze,762.0,498.0,825.0,990.0,854.0,1000.0,741.0
IRV,639.0,531.0,731.0,739.0,749.0,741.0,1000.0
