,Borda,plurality,gt,minimax,gtd,Schulze,IRV
Borda,0.0,16432.0,-3288.0,-4980.0,-5828.0,-5516.0,720.0
plurality,-16432.0,0.0,-17326.0,-19544.0,-17450.0,-19708.0,-18508.0
gt,3288.0,17326.0,0.0,150.0,76.0,-28.0,5066.0
minimax,4980.0,19544.0,-150.0,0.0,-2440.0,-68.0,4496.0
gtd,5828.0,17450.0,-76.0,2440.0,0.0,2444.0,4266.0
Schulze,5516.0,19708.0,28.0,68.0,-2444.0,0.0,4828.0
IRV,-720.0,18508.0,-5066.0,-4496.0,-4266.0,-4828.0,0.0
