,Borda,plurality,gt,minimax,gtd,Schulze,IRV
Borda,10000.0,7381.0,8068.0,8392.0,8125.0,8397.0,7744.0
plurality,7381.0,10000.0,8000.0,8218.0,8085.0,8215.0,8402.0
gt,8068.0,8000.0,10000.0,9278.0,9425.0,9281.0,8866.0
minimax,8392.0,8218.0,9278.0,10000.0,9478.0,9992.0,8903.0
gtd,8125.0,8085.0,9425.0,9478.0,10000.0,9481.0,9008.0
Schulze,8397.0,8215.0,9281.0,9992.0,9481.0,10000.0,8905.0
IRV,7744.0,8402.0,8866.0,8903.0,9008.0,8905.0,10000.0
