,Borda,plurality,gt,minimax,gtd,Schulze,IRV
Borda,0.0,599122.0,-53308.0,-65456.0,-87876.0,-66462.0,421448.0
plurality,-599122.0,0.0,-606774.0,-643398.0,-637924.0,-643660.0,-379630.0
gt,53308.0,606774.0,0.0,2222.0,-398.0,1638.0,403160.0
minimax,65456.0,643398.0,-2222.0,0.0,-27488.0,-890.0,446154.0
gtd,87876.0,637924.0,398.0,27488.0,0.0,27050.0,441470.0
Schulze,66462.0,643660.0,-1638.0,890.0,-27050.0,0.0,446984.0
IRV,-421448.0,379630.0,-403160.0,-446154.0,-441470.0,-446984.0,0.0
