,Borda,plurality,gt,minimax,gtd,Schulze,IRV
Borda,0.0,94626.0,-8274.0,-11914.0,-14844.0,-12424.0,54714.0
plurality,-94626.0,0.0,-95606.0,-100622.0,-98712.0,-100682.0,-62910.0
gt,8274.0,95606.0,0.0,764.0,-106.0,664.0,56534.0
minimax,11914.0,100622.0,-764.0,0.0,-3498.0,-216.0,61740.0
gtd,14844.0,98712.0,106.0,3498.0,0.0,3620.0,59672.0
Schulze,12424.0,100682.0,-664.0,216.0,-3620.0,0.0,61924.0
IRV,-54714.0,62910.0,-56534.0,-61740.0,-59672.0,-61924.0,0.0
