,Borda,plurality,gt,minimax,gtd,Schulze,IRV
Borda,0.0,-40.0,-72.0,-86.0,-134.0,-86.0,-130.0
plurality,40.0,0.0,-32.0,-46.0,-94.0,-46.0,-90.0
gt,72.0,32.0,0.0,-14.0,6.0,-14.0,10.0
minimax,86.0,46.0,14.0,0.0,-48.0,0.0,-44.0
gtd,134.0,94.0,-6.0,48.0,0.0,48.0,4.0
Schulze,86.0,46.0,14.0,0.0,-48.0,0.0,-44.0
IRV,130.0,90.0,-10.0,44.0,-4.0,44.0,0.0
