,Borda,plurality,gt,minimax,gtd,Schulze,IRV
Borda,0.0,150472.0,-5562.0,-9472.0,-11660.0,-9472.0,50690.0
plurality,-150472.0,0.0,-146646.0,-148154.0,-147384.0,-148154.0,-124708.0
gt,5562.0,146646.0,0.0,-350.0,192.0,-350.0,51462.0
minimax,9472.0,148154.0,350.0,0.0,-2188.0,0.0,54206.0
gtd,11660.0,147384.0,-192.0,2188.0,0.0,2188.0,50712.0
Schulze,9472.0,148154.0,350.0,0.0,-2188.0,0.0,54206.0
IRV,-50690.0,124708.0,-51462.0,-54206.0,-50712.0,-54206.0,0.0
