,Borda,plurality,gt,minimax,gtd,Schulze,IRV
Borda,10000.0,2148.0,5235.0,6042.0,6227.0,6053.0,2905.0
plurality,2148.0,10000.0,2567.0,2642.0,2708.0,2648.0,3807.0
gt,5235.0,2567.0,10000.0,6703.0,7144.0,6711.0,3046.0
minimax,6042.0,2642.0,6703.0,10000.0,7739.0,9953.0,3230.0
gtd,6227.0,2708.0,7144.0,7739.0,10000.0,7747.0,3286.0
Schulze,6053.0,2648.0,6711.0,9953.0,7747.0,10000.0,3240.0
IRV,2905.0,3807.0,3046.0,3230.0,3286.0,3240.0,10000.0
