,Borda,plurality,gt,minimax,gtd,Schulze,IRV
Borda,10000.0,8279.0,8738.0,8969.0,8673.0,8969.0,8505.0
plurality,8279.0,10000.0,8532.0,8638.0,8544.0,8638.0,8754.0
gt,8738.0,8532.0,10000.0,9667.0,9745.0,9667.0,9387.0
minimax,8969.0,8638.0,9667.0,10000.0,9692.0,10000.0,9355.0
gtd,8673.0,8544.0,9745.0,9692.0,10000.0,9692.0,9497.0
Schulze,8969.0,8638.0,9667.0,10000.0,9692.0,10000.0,9355.0
IRV,8505.0,8754.0,9387.0,9355.0,9497.0,9355.0,10000.0
