,Borda,plurality,gt,minimax,gtd,Schulze,IRV
Borda,10000.0,3253.0,7869.0,8337.0,7932.0,8349.0,5317.0
plurality,3253.0,10000.0,3539.0,3555.0,3563.0,3558.0,4884.0
gt,7869.0,3539.0,10000.0,9097.0,9285.0,9099.0,5713.0
minimax,8337.0,3555.0,9097.0,10000.0,9292.0,9976.0,5749.0
gtd,7932.0,3563.0,9285.0,9292.0,10000.0,9296.0,5716.0
Schulze,8349.0,3558.0,9099.0,9976.0,9296.0,10000.0,5754.0
IRV,5317.0,4884.0,5713.0,5749.0,5716.0,5754.0,10000.0
