,Borda,plurality,gt,minimax,gtd,Schulze,IRV
Borda,0.0,353376.0,-16834.0,-25640.0,-29226.0,-26152.0,161496.0
plurality,-353376.0,0.0,-337664.0,-347458.0,-341028.0,-347876.0,-255446.0
gt,16834.0,337664.0,0.0,184.0,202.0,188.0,155296.0
minimax,25640.0,347458.0,-184.0,0.0,-7710.0,-94.0,170012.0
gtd,29226.0,341028.0,-202.0,7710.0,0.0,7764.0,158554.0
Schulze,26152.0,347876.0,-188.0,94.0,-7764.0,0.0,170356.0
IRV,-161496.0,255446.0,-155296.0,-170012.0,-158554.0,-170356.0,0.0
