,Borda,plurality,gt,minimax,gtd,Schulze,IRV
Borda,10000.0,6258.0,9043.0,9060.0,9049.0,9060.0,8511.0
plurality,6258.0,10000.0,6830.0,6820.0,6817.0,6821.0,7155.0
gt,9043.0,6830.0,10000.0,9932.0,9943.0,9932.0,9179.0
minimax,9060.0,6820.0,9932.0,10000.0,9931.0,9999.0,9189.0
gtd,9049.0,6817.0,9943.0,9931.0,10000.0,9931.0,9182.0
Schulze,9060.0,6821.0,9932.0,9999.0,9931.0,10000.0,9190.0
IRV,8511.0,7155.0,9179.0,9189.0,9182.0,9190.0,10000.0
