,Borda,plurality,gt,minimax,gtd,Schulze,IRV
Borda,10000.0,6734.0,7726.0,8258.0,7940.0,8272.0,7490.0
plurality,6734.0,10000.0,6682.0,6942.0,6789.0,6946.0,7277.0
gt,7726.0,6682.0,10000.0,8862.0,9014.0,8873.0,8279.0
minimax,8258.0,6942.0,8862.0,10000.0,9239.0,9980.0,8513.0
gtd,7940.0,6789.0,9014.0,9239.0,10000.0,9243.0,8524.0
Schulze,8272.0,6946.0,8873.0,9980.0,9243.0,10000.0,8515.0
IRV,7490.0,7277.0,8279.0,8513.0,8524.0,8515.0,10000.0
