,Borda,plurality,gt,minimax,gtd,Schulze,IRV
Borda,10000.0,2052.0,6568.0,7148.0,6803.0,7174.0,3212.0
plurality,2052.0,10000.0,2408.0,2372.0,2459.0,2378.0,3573.0
gt,6568.0,2408.0,10000.0,8294.0,8703.0,8310.0,3513.0
minimax,7148.0,2372.0,8294.0,10000.0,8706.0,9923.0,3569.0
gtd,6803.0,2459.0,8703.0,8706.0,10000.0,8720.0,3589.0
Schulze,7174.0,2378.0,8310.0,9923.0,8720.0,10000.0,3571.0
IRV,3212.0,3573.0,3513.0,3569.0,3589.0,3571.0,10000.0
