,Borda,plurality,gt,minimax,gtd,Schulze,IRV
Borda,10000.0,4951.0,6678.0,7499.0,7203.0,7528.0,6396.0
plurality,4951.0,10000.0,4692.0,4979.0,4895.0,4997.0,5483.0
gt,6678.0,4692.0,10000.0,7882.0,8196.0,7897.0,6903.0
minimax,7499.0,4979.0,7882.0,10000.0,8657.0,9923.0,7306.0
gtd,7203.0,4895.0,8196.0,8657.0,10000.0,8672.0,7332.0
Schulze,7528.0,4997.0,7897.0,9923.0,8672.0,10000.0,7333.0
IRV,6396.0,5483.0,6903.0,7306.0,7332.0,7333.0,10000.0
