,Borda,plurality,gt,minimax,gtd,Schulze,IRV
Borda,0.0,25844.0,-4408.0,-7932.0,-9354.0,-8232.0,1814.0
plurality,-25844.0,0.0,-24556.0,-28700.0,-28240.0,-28916.0,-27058.0
gt,4408.0,24556.0,0.0,310.0,-256.0,126.0,6382.0
minimax,7932.0,28700.0,-310.0,0.0,-3136.0,-204.0,7706.0
gtd,9354.0,28240.0,256.0,3136.0,0.0,3202.0,7972.0
Schulze,8232.0,28916.0,-126.0,204.0,-3202.0,0.0,7932.0
IRV,-1814.0,27058.0,-6382.0,-7706.0,-7972.0,-7932.0,0.0
