,Borda,plurality,gt,minimax,gtd,Schulze,IRV
Borda,10000.0,8284.0,5324.0,7284.0,5361.0,7284.0,6327.0
plurality,8284.0,10000.0,4748.0,5982.0,4368.0,5982.0,5064.0
gt,5324.0,4748.0,10000.0,7205.0,7715.0,7205.0,7545.0
minimax,7284.0,5982.0,7205.0,10000.0,8075.0,10000.0,8835.0
gtd,5361.0,4368.0,7715.0,8075.0,10000.0,8075.0,8847.0
Schulze,7284.0,5982.0,7205.0,10000.0,8075.0,10000.0,8835.0
IRV,6327.0,5064.0,7545.0,8835.0,8847.0,8835.0,10000.0
