,Borda,plurality,gt,minimax,gtd,Schulze,IRV
Borda,10000.0,2296.0,6582.0,7340.0,6853.0,7370.0,3658.0
plurality,2296.0,10000.0,2537.0,2539.0,2599.0,2547.0,3857.0
gt,6582.0,2537.0,10000.0,8038.0,8431.0,8054.0,3838.0
minimax,7340.0,2539.0,8038.0,10000.0,8596.0,9915.0,3967.0
gtd,6853.0,2599.0,8431.0,8596.0,10000.0,8614.0,3959.0
Schulze,7370.0,2547.0,8054.0,9915.0,8614.0,10000.0,3976.0
IRV,3658.0,3857.0,3838.0,3967.0,3959.0,3976.0,10000.0
