,Borda,plurality,gt,minimax,gtd,Schulze,IRV
Borda,10000.0,2245.0,6883.0,7454.0,7101.0,7477.0,3621.0
plurality,2245.0,10000.0,2679.0,2653.0,2727.0,2663.0,3949.0
gt,6883.0,2679.0,10000.0,8484.0,8759.0,8496.0,3995.0
minimax,7454.0,2653.0,8484.0,10000.0,8833.0,9940.0,3998.0
gtd,7101.0,2727.0,8759.0,8833.0,10000.0,8853.0,4043.0
Schulze,7477.0,2663.0,8496.0,9940.0,8853.0,10000.0,4011.0
IRV,3621.0,3949.0,3995.0,3998.0,4043.0,4011.0,10000.0
