,Borda,plurality,gt,minimax,gtd,Schulze,IRV
Borda,0.0,19684.0,-6172.0,-12966.0,-17854.0,-12966.0,-14794.0
plurality,-19684.0,0.0,-19806.0,-31118.0,-31852.0,-31118.0,-35144.0
gt,6172.0,19806.0,0.0,68.0,294.0,68.0,-38.0
minimax,12966.0,31118.0,-68.0,0.0,-4888.0,0.0,-2662.0
gtd,17854.0,31852.0,-294.0,4888.0,0.0,4888.0,1560.0
Schulze,12966.0,31118.0,-68.0,0.0,-4888.0,0.0,-2662.0
IRV,14794.0,35144.0,38.0,2662.0,-1560.0,2662.0,0.0
