,Borda,plurality,gt,minimax,gtd,Schulze,IRV
Borda,0.0,74502.0,-3226.0,-3220.0,-3230.0,-3220.0,-1266.0
plurality,-74502.0,0.0,-77568.0,-77660.0,-77558.0,-77660.0,-75750.0
gt,3226.0,77568.0,0.0,6.0,-4.0,6.0,1832.0
minimax,3220.0,77660.0,-6.0,0.0,-10.0,0.0,1924.0
gtd,3230.0,77558.0,4.0,10.0,0.0,10.0,1822.0
Schulze,3220.0,77660.0,-6.0,0.0,-10.0,0.0,1924.0
IRV,1266.0,75750.0,-1832.0,-1924.0,-1822.0,-1924.0,0.0
