,Borda,plurality,gt,minimax,gtd,Schulze,IRV
Borda,10000.0,8985.0,6207.0,8253.0,6143.0,8253.0,7428.0
plurality,8985.0,10000.0,6346.0,8142.0,6217.0,8142.0,7399.0
gt,6207.0,6346.0,10000.0,7216.0,7726.0,7216.0,7278.0
minimax,8253.0,8142.0,7216.0,10000.0,7878.0,10000.0,8721.0
gtd,6143.0,6217.0,7726.0,7878.0,10000.0,7878.0,8222.0
Schulze,8253.0,8142.0,7216.0,10000.0,7878.0,10000.0,8721.0
IRV,7428.0,7399.0,7278.0,8721.0,8222.0,8721.0,10000.0
