,Borda,plurality,gt,minimax,gtd,Schulze,IRV
Borda,10000.0,3209.0,7924.0,8352.0,7949.0,8369.0,5341.0
plurality,3209.0,10000.0,3496.0,3506.0,3532.0,3506.0,4845.0
gt,7924.0,3496.0,10000.0,9156.0,9319.0,9160.0,5752.0
minimax,8352.0,3506.0,9156.0,10000.0,9328.0,9974.0,5770.0
gtd,7949.0,3532.0,9319.0,9328.0,10000.0,9335.0,5830.0
Schulze,8369.0,3506.0,9160.0,9974.0,9335.0,10000.0,5772.0
IRV,5341.0,4845.0,5752.0,5770.0,5830.0,5772.0,10000.0
