,Borda,plurality,gt,minimax,gtd,Schulze,IRV
Borda,10000.0,3233.0,7516.0,8034.0,7795.0,8049.0,4984.0
plurality,3233.0,10000.0,3623.0,3653.0,3723.0,3655.0,4849.0
gt,7516.0,3623.0,10000.0,8805.0,9033.0,8811.0,5489.0
minimax,8034.0,3653.0,8805.0,10000.0,9187.0,9964.0,5494.0
gtd,7795.0,3723.0,9033.0,9187.0,10000.0,9194.0,5556.0
Schulze,8049.0,3655.0,8811.0,9964.0,9194.0,10000.0,5503.0
IRV,4984.0,4849.0,5489.0,5494.0,5556.0,5503.0,10000.0
