,Borda,plurality,gt,minimax,gtd,Schulze,IRV
Borda,0.0,17516.0,-6862.0,-6918.0,-6954.0,-6918.0,-6684.0
plurality,-17516.0,0.0,-24326.0,-24434.0,-24470.0,-24434.0,-24330.0
gt,6862.0,24326.0,0.0,-56.0,46.0,-56.0,252.0
minimax,6918.0,24434.0,56.0,0.0,-36.0,0.0,234.0
gtd,6954.0,24470.0,-46.0,36.0,0.0,36.0,140.0
Schulze,6918.0,24434.0,56.0,0.0,-36.0,0.0,234.0
IRV,6684.0,24330.0,-252.0,-234.0,-140.0,-234.0,0.0
