,Borda,plurality,gt,minimax,gtd,Schulze,IRV
Borda,10000.0,3593.0,6967.0,7657.0,7702.0,7679.0,4883.0
plurality,3593.0,10000.0,4086.0,4172.0,4155.0,4180.0,5545.0
gt,6967.0,4086.0,10000.0,8091.0,8232.0,8101.0,5279.0
minimax,7657.0,4172.0,8091.0,10000.0,8779.0,9961.0,5511.0
gtd,7702.0,4155.0,8232.0,8779.0,10000.0,8794.0,5494.0
Schulze,7679.0,4180.0,8101.0,9961.0,8794.0,10000.0,5521.0
IRV,4883.0,5545.0,5279.0,5511.0,5494.0,5521.0,10000.0
