,Borda,plurality,gt,minimax,gtd,Schulze,IRV
Borda,0.0,30824.0,-3240.0,-4458.0,-5858.0,-4530.0,17030.0
plurality,-30824.0,0.0,-31190.0,-33054.0,-33116.0,-33112.0,-21082.0
gt,3240.0,31190.0,0.0,138.0,-54.0,108.0,17574.0
minimax,4458.0,33054.0,-138.0,0.0,-1412.0,-36.0,19776.0
gtd,5858.0,33116.0,54.0,1412.0,0.0,1410.0,19428.0
Schulze,4530.0,33112.0,-108.0,36.0,-1410.0,0.0,19864.0
IRV,-17030.0,21082.0,-17574.0,-19776.0,-19428.0,-19864.0,0.0
