,Borda,plurality,gt,minimax,gtd,Schulze,IRV
Borda,10000.0,8143.0,9192.0,9242.0,9247.0,9242.0,9229.0
plurality,8143.0,10000.0,7421.0,7413.0,7451.0,7413.0,7399.0
gt,9192.0,7421.0,10000.0,9865.0,9868.0,9865.0,9860.0
minimax,9242.0,7413.0,9865.0,10000.0,9865.0,10000.0,9969.0
gtd,9247.0,7451.0,9868.0,9865.0,10000.0,9865.0,9857.0
Schulze,9242.0,7413.0,9865.0,10000.0,9865.0,10000.0,9969.0
IRV,9229.0,7399.0,9860.0,9969.0,9857.0,9969.0,10000.0
