,Borda,plurality,gt,minimax,gtd,Schulze,IRV
Borda,10000.0,1465.0,5831.0,6641.0,6069.0,6673.0,2480.0
plurality,1465.0,10000.0,1765.0,1707.0,1799.0,1714.0,2863.0
gt,5831.0,1765.0,10000.0,7476.0,8043.0,7493.0,2590.0
minimax,6641.0,1707.0,7476.0,10000.0,8059.0,9906.0,2606.0
gtd,6069.0,1799.0,8043.0,8059.0,10000.0,8080.0,2607.0
Schulze,6673.0,1714.0,7493.0,9906.0,8080.0,10000.0,2606.0
IRV,2480.0,2863.0,2590.0,2606.0,2607.0,2606.0,10000.0
