,Borda,plurality,gt,minimax,gtd,Schulze,IRV
Borda,10000.0,9973.0,9985.0,9981.0,9990.0,9981.0,9982.0
plurality,9973.0,10000.0,9968.0,9966.0,9971.0,9966.0,9968.0
gt,9985.0,9968.0,10000.0,9996.0,9995.0,9996.0,9993.0
minimax,9981.0,9966.0,9996.0,10000.0,9991.0,10000.0,9997.0
gtd,9990.0,9971.0,9995.0,9991.0,10000.0,9991.0,9990.0
Schulze,9981.0,9966.0,9996.0,10000.0,9991.0,10000.0,9997.0
IRV,9982.0,9968.0,9993.0,9997.0,9990.0,9997.0,10000.0
