,Borda,plurality,gt,minimax,gtd,Schulze,IRV
Borda,0.0,12722.0,-642.0,-1956.0,-3126.0,-2086.0,1820.0
plurality,-12722.0,0.0,-10566.0,-12624.0,-11772.0,-12820.0,-11600.0
gt,642.0,10566.0,0.0,-200.0,134.0,-238.0,2294.0
minimax,1956.0,12624.0,200.0,0.0,-1172.0,-72.0,3256.0
gtd,3126.0,11772.0,-134.0,1172.0,0.0,1238.0,3092.0
Schulze,2086.0,12820.0,238.0,72.0,-1238.0,0.0,3290.0
IRV,-1820.0,11600.0,-2294.0,-3256.0,-3092.0,-3290.0,0.0
