,Borda,plurality,gt,minimax,gtd,Schulze,IRV
Borda,10000.0,1529.0,5718.0,6440.0,6135.0,6458.0,2317.0
plurality,1529.0,10000.0,1832.0,1809.0,1906.0,1812.0,2692.0
gt,5718.0,1832.0,10000.0,7624.0,8144.0,7628.0,2540.0
minimax,6440.0,1809.0,7624.0,10000.0,8257.0,9947.0,2559.0
gtd,6135.0,1906.0,8144.0,8257.0,10000.0,8268.0,2608.0
Schulze,6458.0,1812.0,7628.0,9947.0,8268.0,10000.0,2561.0
IRV,2317.0,2692.0,2540.0,2559.0,2608.0,2561.0,10000.0
