,Borda,plurality,gt,minimax,gtd,Schulze,IRV
Borda,10000.0,1932.0,6336.0,6916.0,6642.0,6941.0,2961.0
plurality,1932.0,10000.0,2314.0,2279.0,2352.0,2284.0,3271.0
gt,6336.0,2314.0,10000.0,8162.0,8581.0,8173.0,3217.0
minimax,6916.0,2279.0,8162.0,10000.0,8613.0,9931.0,3237.0
gtd,6642.0,2352.0,8581.0,8613.0,10000.0,8630.0,3275.0
Schulze,6941.0,2284.0,8173.0,9931.0,8630.0,10000.0,3243.0
IRV,2961.0,3271.0,3217.0,3237.0,3275.0,3243.0,10000.0
