,Borda,plurality,gt,minimax,gtd,Schulze,IRV
Borda,0.0,36834.0,-2134.0,-2320.0,-2418.0,-2320.0,16710.0
plurality,-36834.0,0.0,-37778.0,-38542.0,-38118.0,-38542.0,-19218.0
gt,2134.0,37778.0,0.0,-30.0,-52.0,-30.0,17914.0
minimax,2320.0,38542.0,30.0,0.0,-98.0,0.0,18710.0
gtd,2418.0,38118.0,52.0,98.0,0.0,98.0,18212.0
Schulze,2320.0,38542.0,30.0,0.0,-98.0,0.0,18710.0
IRV,-16710.0,19218.0,-17914.0,-18710.0,-18212.0,-18710.0,0.0
