,Borda,plurality,gt,minimax,gtd,Schulze,IRV
Borda,10000.0,5875.0,8082.0,8879.0,8540.0,8879.0,8190.0
plurality,5875.0,10000.0,5541.0,5924.0,5808.0,5924.0,5610.0
gt,8082.0,5541.0,10000.0,8739.0,8876.0,8739.0,8177.0
minimax,8879.0,5924.0,8739.0,10000.0,9169.0,10000.0,8439.0
gtd,8540.0,5808.0,8876.0,9169.0,10000.0,9169.0,8650.0
Schulze,8879.0,5924.0,8739.0,10000.0,9169.0,10000.0,8439.0
IRV,8190.0,5610.0,8177.0,8439.0,8650.0,8439.0,10000.0
