,Borda,plurality,gt,minimax,gtd,Schulze,IRV
Borda,10000.0,1920.0,8348.0,8367.0,8359.0,8367.0,4566.0
plurality,1920.0,10000.0,2645.0,2637.0,2633.0,2637.0,4050.0
gt,8348.0,2645.0,10000.0,9911.0,9930.0,9911.0,5423.0
minimax,8367.0,2637.0,9911.0,10000.0,9928.0,10000.0,5416.0
gtd,8359.0,2633.0,9930.0,9928.0,10000.0,9928.0,5414.0
Schulze,8367.0,2637.0,9911.0,10000.0,9928.0,10000.0,5416.0
IRV,4566.0,4050.0,5423.0,5416.0,5414.0,5416.0,10000.0
