,Borda,plurality,gt,minimax,gtd,Schulze,IRV
Borda,10000.0,5186.0,8450.0,8835.0,8720.0,8835.0,7266.0
plurality,5186.0,10000.0,5338.0,5364.0,5343.0,5364.0,6335.0
gt,8450.0,5338.0,10000.0,9233.0,9320.0,9233.0,7624.0
minimax,8835.0,5364.0,9233.0,10000.0,9429.0,10000.0,7765.0
gtd,8720.0,5343.0,9320.0,9429.0,10000.0,9429.0,7680.0
Schulze,8835.0,5364.0,9233.0,10000.0,9429.0,10000.0,7765.0
IRV,7266.0,6335.0,7624.0,7765.0,7680.0,7765.0,10000.0
