,Borda,plurality,gt,minimax,gtd,Schulze,IRV
Borda,10000.0,4731.0,8480.0,8858.0,8682.0,8858.0,7023.0
plurality,4731.0,10000.0,4896.0,4958.0,4939.0,4958.0,5920.0
gt,8480.0,4896.0,10000.0,9315.0,9376.0,9315.0,7432.0
minimax,8858.0,4958.0,9315.0,10000.0,9474.0,10000.0,7564.0
gtd,8682.0,4939.0,9376.0,9474.0,10000.0,9474.0,7505.0
Schulze,8858.0,4958.0,9315.0,10000.0,9474.0,10000.0,7564.0
IRV,7023.0,5920.0,7432.0,7564.0,7505.0,7564.0,10000.0
