,Borda,plurality,gt,minimax,gtd,Schulze,IRV
Borda,10000.0,1460.0,5888.0,6792.0,6120.0,6816.0,2434.0
plurality,1460.0,10000.0,1658.0,1634.0,1704.0,1643.0,2706.0
gt,5888.0,1658.0,10000.0,7499.0,8071.0,7522.0,2502.0
minimax,6792.0,1634.0,7499.0,10000.0,8020.0,9905.0,2576.0
gtd,6120.0,1704.0,8071.0,8020.0,10000.0,8043.0,2556.0
Schulze,6816.0,1643.0,7522.0,9905.0,8043.0,10000.0,2580.0
IRV,2434.0,2706.0,2502.0,2576.0,2556.0,2580.0,10000.0
