,Borda,plurality,gt,minimax,gtd,Schulze,IRV
Borda,1000.0,427.0,661.0,746.0,686.0,753.0,615.0
plurality,427.0,1000.0,398.0,416.0,391.0,418.0,466.0
gt,661.0,398.0,1000.0,787.0,841.0,791.0,683.0
minimax,746.0,416.0,787.0,1000.0,832.0,988.0,691.0
gtd,686.0,391.0,841.0,832.0,1000.0,838.0,693.0
Schulze,753.0,418.0,791.0,988.0,838.0,1000.0,691.0
IRV,615.0,466.0,683.0,691.0,693.0,691.0,1000.0
