,Borda,plurality,gt,minimax,gtd,Schulze,IRV
Borda,0.0,46768.0,-5576.0,-6178.0,-6176.0,-6182.0,7444.0
plurality,-46768.0,0.0,-51408.0,-51612.0,-51674.0,-51600.0,-41470.0
gt,5576.0,51408.0,0.0,-22.0,-26.0,-28.0,12896.0
minimax,6178.0,51612.0,22.0,0.0,-158.0,-10.0,13314.0
gtd,6176.0,51674.0,26.0,158.0,0.0,154.0,13212.0
Schulze,6182.0,51600.0,28.0,10.0,-154.0,0.0,13314.0
IRV,-7444.0,41470.0,-12896.0,-13314.0,-13212.0,-13314.0,0.0
