,Borda,plurality,gt,minimax,gtd,Schulze,IRV
Borda,10000.0,5278.0,8688.0,9506.0,8551.0,9506.0,8738.0
plurality,5278.0,10000.0,6476.0,5764.0,6709.0,5764.0,6511.0
gt,8688.0,6476.0,10000.0,9104.0,9505.0,9104.0,9480.0
minimax,9506.0,5764.0,9104.0,10000.0,9045.0,10000.0,9222.0
gtd,8551.0,6709.0,9505.0,9045.0,10000.0,9045.0,9764.0
Schulze,9506.0,5764.0,9104.0,10000.0,9045.0,10000.0,9222.0
IRV,8738.0,6511.0,9480.0,9222.0,9764.0,9222.0,10000.0
