,Borda,plurality,gt,minimax,gtd,Schulze,IRV
Borda,10000.0,3223.0,6766.0,7572.0,7254.0,7604.0,4771.0
plurality,3223.0,10000.0,3415.0,3490.0,3504.0,3489.0,4642.0
gt,6766.0,3415.0,10000.0,8039.0,8324.0,8048.0,4935.0
minimax,7572.0,3490.0,8039.0,10000.0,8729.0,9927.0,5054.0
gtd,7254.0,3504.0,8324.0,8729.0,10000.0,8746.0,5078.0
Schulze,7604.0,3489.0,8048.0,9927.0,8746.0,10000.0,5060.0
IRV,4771.0,4642.0,4935.0,5054.0,5078.0,5060.0,10000.0
